T1,91.7190668289865,87.2850980072973,95.7978668361436,88.9577353578445,97.1290834617127,90.7719416531847,104.19144832811,96.4591655439637
T2,26.591560880465,26.8846305411134,27.688767766332,24.2082532609446,24.9016749568149,26.4840760608277,29.6592075370545,29.6044105753997
T3,62.0815143441725,62.8922751587493,54.8821134027211,64.2031731698888,68.8521653096759,56.5994355698639,74.8544876671069,73.2163750059336
T4,108.158862831004,100.995305648026,95.3932729600322,93.9604291867579,95.2397975783037,95.2397975783037,96.35103698822,98.8100019845147
T5,126.357528705847,111.799699944397,129.496847037279,128.558775624985,123.094913537021,126.642401702354,127.378437016698,142.562333815462
T6,63.107123297223,70.6816489493147,61.8401128645627,60.919204709323,57.2059515203916,70.0255419220545,60.9942117057942,54.4965407073084
T7,185.098497465762,171.897073138073,176.320752556248,189.768682702862,177.827502839285,192.239631562162,221.960792344423,273.136967300058
T8,39.8614299426309,46.436602491834,52.842619065818,55.2931001957498,52.0694030684395,50.4408367283383,56.6054822875001,48.4880806939304
T9,43.4885629831971,44.7872824467739,48.5390386840295,62.4153975077813,70.8295183991467,71.5908548614463,69.9006368776658,65.8934549837118
T10,124.224261484601,120.476847911847,127.167976883506,125.305546431138,122.211109059715,135.084152091148,121.889908336154,128.614779851891
T11,114.416643635683,110.233482955825,112.750094431511,115.129358680357,112.537255898887,116.216461000096,117.172042353327,110.089837610229
T12,53.1455348512369,79.9332282109589,90.545640002062,103.577967576722,156.789943217308,181.312038362718,138.666077668802,190.165931652986
T13,95.053783710061,94.7975200060293,96.3024728907755,94.0891181208451,94.7975200060293,95.2084981398044,94.0891181208451,94.0891181208451
T14,35.0719541201899,38.9842357469287,39.3431720414009,42.8950669288037,43.7496889536313,46.4447201680858,47.9544868999872,48.6018486677104
T15,115.817497917006,102.229393400689,105.905537910964,101.37357598225,105.905537910964,105.905537910964,105.905537910964,105.905537910964
T16,176.105147783963,162.248451495788,165.304450797915,149.728168911247,147.016136411175,145.951371475046,145.48189883109,142.464701042022
T17,66.7507420493221,69.6319554337412,71.1389130105033,62.307304855413,68.8815917911722,68.6493871866877,70.2713715847262,73.4541252426599
T18,46.788940889061,46.935714238955,53.8942785839949,60.2491009510805,67.5671109270465,67.6111356868908,62.8824541861869,56.6905273685799
T19,45.7528762050652,56.2085181491377,49.0458152453446,40.7670210530146,34.7256240934751,45.8056191879937,67.9768755778002,61.0231227788515
T20,139.49579698014,162.009318975848,160.613091570353,156.313497784481,175.892892811806,192.22063070054,192.482599535678,163.209194478925
T21,54.911226984494,53.3228739389816,51.8862819174766,50.7728308642209,49.9804587371191,52.2010878916762,53.0314089612785,50.6714653058107
T22,72.5875103994463,67.0438613388808,69.1743221505438,69.7756162839875,72.0573124145931,64.7090589494944,60.6301974186605,78.1972874243187
T23,81.5783456002615,82.8533837158179,82.8533837158179,82.8533837158179,82.8533837158179,82.8533837158179,82.8533837158179,82.8533837158179
T24,68.0559011647652,97.699693278083,77.2191715988787,101.8007956056,110.429206300115,157.498932421498,137.642072948662,146.23082043595
T25,257.406164125701,230.945997219515,245.433114868084,303.995333340159,287.690654279435,292.268666898361,277.480983669343,277.3232663724
T26,109.556956423292,116.186827225998,121.660037899239,100.047279036682,94.2934665154226,108.27277747164,86.9971494202188,51.6774416476561
T27,67.5585027857365,58.1044377392888,61.7936715077002,75.7922017199185,76.6714176342204,66.8498844036249,78.8659525436077,97.7232613609343
T28,69.8406360463614,74.4083793112952,66.6600797962558,73.6519658863964,75.8014382092294,69.1918204874879,68.7720078522778,69.6082672042232
T29,25.7192342195719,38.4596637486317,38.3411688695971,41.9533675470911,58.2638973486487,65.267174919927,71.2829582147824,58.313293524133
T30,84.2543550846341,82.4448309709787,82.4448309709787,81.0201551965738,94.1480302112015,98.9449067557077,92.5660093336325,94.641722402114
T31,83.5660841924132,100.920909943918,87.8286165900825,79.4945957673813,100.760767446414,83.1509179021462,85.8448701567472,94.8803185079468
T32,138.824322665889,169.25412620192,144.683180156664,159.336590064299,146.516398534556,160.08689511114,149.297841032148,176.595310661927
T33,100.126059248955,87.6757115406633,113.078437322951,88.7418943519804,115.506673350112,92.5148617395137,117.896130728554,116.219328119826
T34,154.970516733085,175.513248621761,174.754610541713,170.685644182495,182.153486399361,196.459961039583,199.538504412994,207.040308394394
T35,53.8228528960039,53.2820183117525,53.2820183117525,53.2820183117525,53.2820183117525,53.2820183117525,53.2820183117525,53.2820183117525
T36,80.3750816094443,76.047957406686,83.5208060954919,77.5202202962118,95.8438465932101,84.3751308315775,79.1001294733711,101.008729540846
T37,66.9781854210463,69.0077083818533,80.7464494400499,92.8784252825804,91.9928988649499,74.1547527018458,80.8197545178491,86.0406679929728
T38,73.0647951646712,66.4997457000115,64.3807254873002,66.4997457000115,66.4997457000115,70.7244025328708,66.4997457000115,66.4997457000115
T39,56.1734294122178,56.1536980378699,58.7659235553668,62.2775307495029,67.3161903087715,73.8364783726215,76.5336251764311,76.9857616966309
T40,62.7511477174369,57.3811094179668,63.1245151264195,57.3393742751633,66.1120291924329,82.8064983539344,85.4852252185122,79.7120702017225
T41,126.171691531703,125.524277192764,131.557962641067,129.34786838001,116.201536935412,131.221313692556,113.802270369044,145.774187552642
T42,57.4399919981747,53.2696065207329,50.8726967101366,55.3551828410269,54.2907811209551,57.369331044504,56.0906937205716,51.4654059213614
T43,72.9111926359893,43.9543195455774,75.7841149018962,62.3176308232073,62.7052696129154,68.2661912296783,70.0642885287691,67.4469943794855
T44,47.9019335999854,81.3689857200727,37.907844909116,62.2742102901999,52.3090378483059,49.4913991598402,67.6986028891392,47.1376460138802
T45,152.631989631257,159.271101990394,163.891744605944,154.878146130413,145.517890516819,155.625015553698,161.206341585276,167.247822603631
T46,83.2214927304691,77.028192087885,68.9123760872184,84.0071607489216,81.1240037946941,74.0929732916429,84.4352387053317,97.7755859932464
T47,61.5473503951826,61.5473503951826,61.5473503951826,61.5473503951826,61.5473503951826,61.5473503951826,61.5473503951826,61.5473503951826
T48,88.0551184115214,81.0437572738617,81.6134716689463,71.0306087948508,70.8278812867416,61.6377314724715,80.7746490071936,89.5533449695808
T49,44.9817136469531,44.8643214323969,44.8643214323969,44.48412889415,44.8643214323969,44.8643214323969,44.8643214323969,44.8643214323969
T50,92.4469795778301,105.963809074471,65.5781966498241,43.8966347325106,75.76606282997,78.657146265403,98.9383448917788,87.6307077090437
T51,86.1290993832376,93.0882938618969,78.3994770695226,85.2279828697645,72.187638924892,79.181356369986,76.3373644258955,71.550681291554
T52,70.2435724655486,63.2012750847487,76.7685021876388,71.1072681642044,69.4424932040163,67.8734506878168,66.9030164736897,72.5531844677712
T53,93.9467523090665,85.0667438543427,116.796820822602,114.727441418788,121.799314241591,101.028702246192,139.755512002126,104.531517038692
T54,149.150342358376,149.150342358376,149.150342358376,149.150342358376,149.150342358376,149.150342358376,149.150342358376,149.150342358376
T55,165.566081805431,172.955341924997,156.580525430981,168.001048702791,155.190570424524,161.864977759821,169.681586447816,160.282521295085
T56,100.787671377319,95.0709946483596,94.497745121162,82.3372481606101,80.1722059353509,90.2792666463659,107.218896258396,87.4926795957264
T57,212.580597883428,237.150544916703,199.057091218617,210.679044752739,220.040414287475,197.688622252589,201.480524029908,204.057108525826
T58,100.764237694222,111.636847674851,117.194348336861,112.912530902756,119.95490530956,123.494922420014,117.651715789784,116.10485891072
T59,58.6919174913953,66.5278644107203,68.1227287363812,67.7566819324788,66.308328932757,64.6160398866931,65.3552110505626,65.1078325697969
T60,178.509158285502,219.301319299583,355.65915654569,373.562180855418,335.413064821078,242.654785373744,255.598826499488,226.791372077411
T61,189.94225956354,204.323138147671,230.19196224102,226.501261588203,202.712623338882,208.822127660692,214.133231469308,207.340649094881
T62,120.044033994264,115.603253642153,120.394430137951,114.886904545837,117.611632673337,118.841330319636,123.69571120982,126.616581368211
T63,60.4553733448781,54.9835513263229,60.0033294904421,58.1316516352838,54.3714801636863,53.0254307694625,50.5251301060638,55.9057714024345
T64,126.534460960572,133.340602987872,127.85050374668,109.816152966505,90.4941931382578,67.1957099487746,64.1126581181896,84.7574039009951
T65,56.1767512934947,37.6619307473466,55.0476267131874,58.5438141614667,43.9027110605478,47.9159029698975,37.8403984940131,40.1482798764329
T66,129.829978485403,132.424835094384,133.029694696336,131.423393723056,136.05961373571,140.373965938485,133.055801047878,133.165027429863
T67,118.110802241467,127.837451622416,125.947324740724,118.863576602952,116.334601119904,118.718155705918,130.516727584994,112.382462546708
T68,122.098498873688,112.064973412859,118.595754952545,125.24365927739,126.175479740391,130.216352310719,137.716763551661,137.372524864841
T69,136.21423305245,136.314327981751,145.951009175506,157.841709355202,162.952814722445,166.476972139817,137.329361044086,126.925561498045
T70,101.029190133309,98.7786705560172,107.24891626056,107.08418413652,108.993180405916,111.123374204449,94.618654210822,98.085040159394
T71,113.093863325482,116.140202121426,127.338818411174,135.867668566357,154.271598355796,207.543423191427,200.017037879896,199.338752011379
T72,73.4672767154417,72.4397063572029,79.0525663409666,74.1894170215495,72.4441092720529,71.1171263409662,79.2615227270844,78.3416183356727
T73,87.490950075032,116.624528343196,103.857832621315,99.8699961808879,104.477038122288,94.8491403192674,124.370211929655,133.634597376551
T74,154.200208879448,160.496081912119,160.766563165495,161.313225463381,171.141651991344,193.920721367453,200.120558591555,193.933211862348
T75,81.9351235841381,84.1798662568058,86.7546399705757,77.5952191354195,70.601040456414,73.9359516502346,73.8278696760305,64.4116115607425
T76,46.5758144955866,44.5318503676432,37.3397867709022,38.2105048833485,47.35466048582,44.056376753228,45.1427490120896,46.558227627611
T77,121.522485573413,116.821321584133,120.56962832783,119.203602225573,126.401825458622,124.143834432824,125.551213979823,124.743712257088
T78,87.2523041328055,74.3958333911309,89.0018074448992,112.152803653425,85.0496930111372,95.3656923564832,91.8920806573548,108.294511234601
T79,153.331082184609,127.392364740892,151.388946904597,129.723999881425,150.888559680851,141.566254992467,140.287276107976,137.606992637587
T80,97.4147729145497,88.5567860384974,75.558467078849,83.8922307879465,76.2684788066813,69.4676689682683,71.1267290202026,71.2465257134013
T81,195.340504014029,164.866910027334,163.460131618962,141.782359833359,157.475327111435,176.670099104899,164.088407033894,126.367712899148
T82,38.325124463224,37.3780487131535,35.2168472358102,39.2330038886976,38.325124463224,38.325124463224,38.325124463224,38.325124463224
T83,184.649997196591,208.992304050313,199.059377395295,212.931370613585,218.750584091438,213.175069797438,218.800193857793,213.460006884787
T84,117.474019373541,105.592149093514,111.211042295814,129.2524867037,93.8239952849078,140.198315701794,139.967690198614,140.034580357528
T85,61.5079301147358,71.0431307323621,100.403409796107,121.501899550367,121.911572744417,122.610592290428,128.378946631598,138.6071955106
T86,51.4961781103268,46.8259582558734,45.0473379091315,42.3009478546554,40.2885456964052,39.2527197568906,41.8465502000359,48.4247498038712
T87,50.4193857025385,47.1679583675964,50.1604502837704,47.5512503687296,49.5759291004236,45.0933833513774,50.1832819314068,45.1226732904063
T88,162.799288019303,182.7830103755,163.482827066503,158.711246737672,157.182963762294,171.023319286811,163.414331037449,163.474928258766
T89,55.6878196370347,68.6200683594706,64.6232403418514,42.1838230937213,46.5068439383284,67.5627144768388,85.3325673629421,96.2968167789694
T90,210.435121753398,176.366032722985,174.89444695444,198.256942523218,192.104020974518,185.873273422866,225.200703729996,193.365574671626
T91,63.3270670847183,68.4314553421926,68.6593494213765,65.2306019798902,72.8842891001204,70.3640973577704,66.75828723669,70.6712157896013
T92,94.7750522842913,106.625681627291,115.147110990696,100.424306698447,105.534428572268,118.576862440376,111.806763943767,110.675029129524
T93,168.551236269817,191.817309505787,221.626893090515,233.419436390127,238.15724780833,241.21393696797,245.501790869228,236.60658782913
T94,98.2222015157508,92.447438431294,116.557475004111,116.134738475642,136.507611074572,144.662035480639,136.659936967073,140.553643720802
T95,136.699997637158,181.362010793705,163.268059841616,183.621498579224,205.373684122145,246.569467280231,283.348397989991,288.738102601796
T96,93.9420481507748,94.9156862425152,96.5878193818881,100.50528220035,112.330997998072,118.027255334763,113.508044774595,110.285038868796
T97,162.675657033809,160.844442609948,161.769520414121,158.972164608964,163.186505248755,155.683985463747,161.245610311385,159.678672245247
T98,71.1687651412922,69.6672059524547,69.7311126442307,58.6388569835232,34.8767439068122,52.115573903114,41.7878468429608,50.7602666690212
T99,127.457102788733,142.291979071022,148.857314773651,155.648442790789,148.678371667437,150.793522081008,145.323481987469,141.672148058274
T100,75.213364274321,79.1450669957187,78.8144276827449,78.4785420211752,84.2932892501787,76.2264009897921,93.8329643709637,94.3195301699867
T101,118.431599016187,131.167228968324,119.31048098278,118.868720260806,116.415583821606,121.346943609111,138.433011620069,130.872043955259
T102,94.3675697130496,84.7786397931903,87.1108679775485,96.0465987520151,73.4533287557437,81.0848406444265,63.2114229350805,58.8114122329614
T103,254.83505811511,194.536094014739,201.64730756021,259.10604275586,192.894776192092,204.014264982458,306.446464838823,388.025790489891
T104,85.9214147627156,89.4759718481073,82.5735732779988,88.6820866234837,89.2080482199915,91.8118963894358,98.0450727058738,109.341196440684
T105,70.2449300142647,80.2715891587072,68.0899304275524,65.6561850919234,90.0480870597333,78.4852184252339,62.2668679980712,72.3781338494062
T106,110.299697145804,97.1339597614692,95.6860356537343,104.126017758416,116.845486420414,111.271951480835,111.141726198214,103.77336623963
T107,66.8079265527284,77.8806627297295,100.850673908089,81.0543192674941,85.1704007835332,80.8167230212028,96.1429422778205,81.3993632257188
T108,204.474554809175,184.011240737794,206.675620953102,217.687191559849,216.778143315611,224.025292479412,226.754003568112,220.333796251414
T109,81.205490792812,83.2904046314075,96.4150295913194,102.030775414611,97.3350585740927,84.2884658755479,78.727955581587,85.2192762533178
T110,86.069182569121,73.035579875359,82.5870152522898,82.875010417723,71.8834415570512,72.5375174029176,74.354266786716,80.8613649669781
T111,129.559929259936,115.950830632266,133.704747001645,120.082935899201,127.477757305736,114.921332583712,134.929614186532,119.477210984207
T112,101.428542952683,97.1580823004452,97.8641508193834,103.575661177895,94.3204067602306,87.5608193590116,93.2314607079221,96.2950742314342
T113,185.03243599821,191.810124592351,195.849757800213,207.156438611038,231.373650652627,229.647280073116,239.054699127645,191.337136897489
T114,61.0226781231981,70.2278656980243,73.2293735923295,79.3265001484994,67.3513230657974,69.2851112688515,67.8972742669416,82.2332005763182
T115,128.345091080415,93.8378675990411,79.9031481934736,82.7707247748107,87.6480150386326,72.8878958704367,51.3591701497633,70.5659740571665
T116,55.5689382763757,55.6498280200418,60.400621967002,61.6307043699731,60.0157887758758,66.1147541203307,58.4649590822202,65.7769146261352
T117,105.226520496173,108.79079811822,111.793241601718,106.543251934928,112.446077330183,107.910436030369,105.218238852825,114.254066724679
T118,81.5657780113563,88.380080470628,90.6982271733633,101.603053414069,102.498304968744,100.913482834317,89.7222399631863,103.872094230426
T119,57.8160979729945,55.4671137592901,56.6830359451989,74.5782813873945,74.5946895617375,88.115448598079,102.963875380965,76.9103913319615
T120,99.5818962353334,99.3667193882831,105.274874163824,107.961198163123,110.638981131748,109.972995459942,107.299757252174,107.064231554187
T121,114.840487520046,101.337099103794,114.795363494362,114.757483507289,108.662904503159,135.330394064724,160.595075971755,191.550586995285
T122,58.0749007190121,60.4347461011368,64.0746981099129,65.4857044139959,65.1387229453301,67.4132437246577,70.9715507539978,67.9247703229334
T123,88.6712907125284,70.3231129164501,90.3008336960923,110.161541301511,127.937923409462,117.563028556674,132.883015128994,153.949075743914
T124,108.224369606412,101.004613682554,99.3215142999816,101.610964936116,90.969680962225,69.6643640116664,73.4155817896912,89.1307036898556
T125,61.9700904308248,71.9911394001322,69.1449184138811,80.5301076629094,66.8505762511907,74.9742764992287,79.469179678435,54.3399840804519
T126,87.0664184815486,87.2620133708858,85.0024263695675,97.1646970758977,102.984565499891,99.748459089271,105.755053466878,96.2020478305669
T127,121.290131793872,97.0879975276117,109.235196613209,109.480590159312,113.119540374994,113.616089838732,113.462932658008,116.687108012245
T128,110.226275624179,113.304478135592,115.425345821566,148.261288698966,138.284365322708,129.134305438304,145.679703085041,189.396049178208
T129,51.1482912806575,61.7574213188614,61.6692456736552,73.2439768363583,71.8839660499112,83.5372233967733,92.5208424498859,77.6831637543419
T130,160.110353321712,212.335845928837,222.413894654382,254.955161238416,237.83387657592,220.273111873197,195.744138607422,163.053092439773
T131,68.6203996835966,66.1239442906888,69.5349467443396,65.2551183917302,67.9745007687076,64.7781826255809,67.1369520911366,64.5634010330848
T132,81.678465397821,88.2345356451067,70.4716122005427,73.9977437601095,86.3728983814493,86.448552427804,93.3375769625475,89.8828454888489
T133,165.380686880447,183.309130983978,205.748348911656,223.85776283274,242.971716203666,276.833480513656,310.446896427135,357.451998671053
T134,70.0097073653024,72.4390032247967,72.1326185862562,71.5986098127854,69.4517493196158,69.4432618842687,70.2347136820308,68.8168899073276
T135,64.2356305033213,73.2240750957746,74.116043173668,75.3264493066209,70.9601701431219,77.0977792073534,76.3824795541642,78.5787990177711
T136,115.028780940937,111.883409477762,111.410904691624,117.726929165777,123.444201209985,137.239047565677,152.668878176999,141.05454427697
T137,26.5351517656291,29.9280576758557,65.1112081974418,74.705930132047,87.1950854901355,92.1996585997466,97.9195171286477,96.036796822568
T138,168.609148744091,166.101883531193,162.854107886929,165.170974655575,165.334854462227,162.327641093039,164.644507861686,162.520843413837
T139,40.4282487576972,38.0024837648959,35.5567837729591,36.6946132630466,30.3781019278592,26.4878084635738,15.6872818674323,15.8497133703754
T140,249.263085704379,243.247954098467,242.985349417551,281.998461602001,269.712933632557,273.961292073294,286.248486475162,298.784365079106
T141,103.235733221353,100.205438688681,109.799124447723,104.478597144645,111.686939644758,114.361860755471,109.501197948268,114.492115450892
T142,99.7692010989379,122.030040710373,98.5410088559115,102.121762000114,102.237617718135,117.295994621954,131.569442630591,132.8700229494
T143,70.7310924394954,68.788398331767,73.5320794061012,64.4110614061866,71.0054882923493,63.366384004773,81.0123682566942,72.8491344166745
T144,161.304045185348,157.787966242667,164.044513537475,170.964814510534,182.215117411292,164.149600282681,187.231071805615,192.902929964005
T145,42.3388040910611,37.438775649608,41.4425082687643,33.9777379198874,19.6011726990936,25.9855252776795,34.8938895881248,40.8729977672626
T146,185.689364683227,168.022505732139,157.680911949473,173.354647646527,156.594266722737,143.766222560617,194.217088266845,191.608941251846
T147,142.426497851312,155.241746028028,179.476847763365,185.013003768813,183.48138140564,214.385665164276,224.603574530564,213.977221204924
T148,107.923221790533,106.779024006331,105.168899338056,105.593828733906,102.015771226581,128.007652742825,126.093417784516,141.156842551816
T149,30.8725979717311,39.2169424712973,33.7142524094852,26.3013666699742,27.5708854518016,31.2916315842526,26.9862177990666,26.3013666699742
T150,100.117618694525,88.9346317977162,91.0928207211481,85.832702406706,85.2869411827047,92.7933239551731,90.1035910573338,100.965852533759
T151,155.956063943847,147.385876280478,166.925135579027,195.589092456797,164.556860294201,194.011908214183,199.57377923241,201.702394395348
T152,61.763829167369,59.3272520504866,61.7206655266544,61.6878414536817,66.8346148640466,65.0754809212785,60.6456208655661,57.6384150373822
T153,79.2134918481075,80.2769876438235,72.1581975915795,77.1649527483584,67.5517273812677,68.3225369375668,68.1044912827593,62.0389620232612
T154,40.7657584768593,41.0080976932164,40.4364509004196,40.4404531923715,42.3138806581657,40.6021076397475,41.31041228341,41.2027116421052
T155,121.440126514314,123.965547969108,129.219243978963,115.642369665415,109.346292617928,130.846007345414,116.044595116113,149.466067502772
T156,123.225990227336,133.703520245213,129.25996526114,134.120270395605,128.79394828695,133.177115019839,140.70963894294,135.799822401969
T157,137.694892767731,132.428567782701,149.723915189095,154.014010742764,141.530913496603,149.571041408748,141.859488092138,130.523769294457
T158,117.114383412313,121.495751204881,107.248983163806,125.714577662891,107.837210359028,111.359961266917,86.9991967687166,40.9784835376163
T159,128.138275249154,123.520979820374,106.412879357619,108.16474036019,114.898915066633,109.360741103856,116.720799835683,107.743210232184
T160,129.124815743905,104.125168283259,114.122274190167,90.1360350846782,108.774573643498,118.09514559512,116.749340854886,109.277012873027
T161,54.9416710299722,53.093266331803,48.3910385986968,45.5900998795661,51.0316463230917,45.0958747383501,44.7195510485098,49.7090095988877
T162,58.2418400065255,65.7100537266551,68.2738391987801,53.5158186260433,54.3307876443843,62.5502476734175,60.1227699753038,44.4847160110628
T163,75.3250774201547,95.0202614910697,94.2769200871141,86.6896506576089,75.6129069892648,73.1311852695207,72.8553842665822,67.7476719849353
T164,70.7195302748059,73.0333206365681,71.6571860128199,70.6887858491556,74.6670976807068,75.2856232152409,74.9606614249913,77.0905278488396
T165,153.731177220393,179.378297519307,157.734911519847,158.366452892075,159.765802507386,141.90263292086,195.336939531981,171.699593328678
T166,70.9773729450874,85.0016226767601,100.13535963972,97.5384424662157,89.6535243070555,90.6432660026874,99.3555024305775,123.711077569423
T167,59.5361792674617,57.4510139601914,60.4325313039045,64.7106900521846,69.2372754415536,72.5413769015448,75.6238643943361,77.3711158483085
T168,58.6654799234031,52.7646842159986,57.8779571911818,57.4450257584948,59.2633644865461,57.9099484590313,58.209197988582,57.8600827635157
T169,82.4676672766506,95.52585559763,82.5068571896439,85.6709729292859,85.1095827826235,89.8750880169612,83.660393836864,84.4215044492838
T170,35.8132524967573,41.8135231995382,61.0094483590422,56.8931407347657,42.8239984089719,52.0567619125038,42.385408368613,51.5675819142326
T171,84.2315299448682,99.5197143110014,85.1878208463757,63.013050219309,97.9577523087303,78.4071234600374,79.3537340156988,102.244025407084
T172,93.4516596857269,97.1556620008987,75.4482440096496,91.1198135719367,94.8750564752924,90.7529712091552,87.9919878559721,76.7895520805913
T173,55.6761501793764,53.2779365719852,56.1695354224016,57.0063721847544,59.3409380753139,59.3409380753139,57.8415730816086,57.8415730816086
T174,107.094001992976,114.380691915628,113.355343269603,129.84746277724,106.720935611758,127.139412133758,109.41454134517,121.599000269935
T175,69.1303972469704,78.7385038726571,89.8097866830823,70.1908005117977,56.1294124320684,52.4832804073457,63.9496607333002,70.6983575965666
T176,75.1407405129987,80.6423811778591,71.0610133775279,70.4864402381404,74.314593005224,78.4546208071076,67.7125909958298,67.8192896143764
T177,57.9019709450978,41.9778944384685,67.3888124821962,65.7114648386761,74.1531465802159,74.1892704442745,69.0295494666242,65.4894312835476
T178,78.0628038686441,91.3795220511143,80.0616549101467,88.2221480753699,95.7264394539298,95.7672088202313,93.928393137057,83.2122550879675
T179,56.0394994158722,55.7159020156988,55.858562104944,48.9441370979536,46.1171170075758,39.3235859229305,51.8790770979486,40.3919912584013
T180,156.61230899952,132.300743098095,139.640877736518,155.032202243771,139.417392564053,154.042269911622,133.998359053432,139.061155571459
T181,78.0233572937504,77.5954784688764,78.9283778740077,78.6372658493432,77.4553021835949,78.077833106187,81.2135996278107,78.3616940322347
T182,78.144997613786,68.4303536250641,76.3859536735419,71.3714307951993,77.1444915559969,76.7515443660417,72.593625491476,73.0350449966692
T183,45.5240900505882,46.1675722913876,45.7890432989994,45.7890432989994,45.7890432989994,45.7890432989994,45.7890432989994,45.7890432989994
T184,151.648143928335,151.525731092828,181.620738226408,226.785173633794,175.31902187654,168.567907813222,186.175267379537,157.150148314977
T185,48.2032511794498,50.4065674802422,48.5913781440587,53.486911051511,54.4114561823187,52.8173059451355,60.8691285937332,60.5962515337315
T186,43.5020754932538,42.4902191795938,42.3027952710645,43.0654399956821,43.6957952194531,45.7394849837984,44.7857415658136,45.3097590303245
T187,66.0974224854896,79.7288836367553,76.5422969803945,78.1976185370809,74.2091353409393,85.3443502630492,72.1114532008005,86.7924226764979
T188,107.270081936983,104.317407056827,99.2779981532306,99.1421343281883,88.1162028368636,91.2377028294901,87.6099008246774,84.9051164992353
T189,113.526767434706,123.990806331316,136.747721575291,130.129482928851,127.235695798799,120.17602507213,135.491974651011,133.319329853034
T190,193.638581008694,193.969544614212,217.624784308937,206.696700398651,221.196587620825,213.896180490977,230.35364989978,223.34570418409
T191,67.4091586869826,80.5797571738664,67.4091586869826,67.4091586869826,67.4091586869826,78.9912956659386,67.4091586869826,67.4091586869826
T192,111.368076323102,109.859243470036,92.9061376465314,109.928677738756,109.070509250849,117.307490206164,129.09500524777,130.414419848008
T193,60.2097926054516,60.2097926054516,60.2097926054516,60.2097926054516,60.2097926054516,60.2097926054516,60.2097926054516,60.2097926054516
T194,104.008838702157,113.122279481687,105.379581636051,113.15430488217,107.865936357315,106.373631115703,106.815599412162,109.112042079777
T195,91.1924532990432,94.2226994646237,99.6436174517681,103.325807434103,94.3561413140566,94.6667411672385,103.142110223454,88.0038575356702
T196,83.2111144610671,59.6600310652138,53.0805992996163,70.8207745243646,105.238006624528,92.9897354080252,98.8477647335395,98.0481516330079
T197,101.725162398147,97.6079808328011,100.656439266009,97.1776777478033,92.5243434175742,83.4910561686808,83.129344246276,82.0305750771825
T198,110.852322675871,112.104555963744,105.443312666362,96.5370831252923,99.8187704562192,91.6346358112639,105.710996963917,93.2157285040015
T199,115.144130958469,115.666538092749,113.873180110784,115.103916285378,131.530579504361,132.640679610164,155.778618723712,144.769377824528
T200,137.028349422228,137.24580314836,137.879267231071,131.059857173218,133.188424111406,118.382458256447,113.403912193955,113.176842865787
T201,41.1929217728463,45.5662390251939,38.3566513868021,34.2143488347066,47.2476524821396,49.5697201979483,37.4543907426055,39.545521436077
T202,121.173504656138,109.632629088427,149.53369769106,143.33708990906,162.113692991813,158.310695852938,200.731401441312,169.977102374875
T203,91.9272437461791,82.4691452249753,89.7472429411626,93.0164692252209,82.6343641452423,88.101337355528,85.5588777497504,89.0282698239674
T204,68.1610283270135,59.7624405308941,64.5173808634649,69.617416633149,54.8747581986169,67.0716585572593,76.3399467626515,72.1551698280674
T205,112.665382408289,117.884388974205,112.89059689973,108.793321962459,120.867247139132,112.448528830103,107.177828699759,113.84971485674
T206,109.432640894569,120.124795550408,106.79394822711,100.259864055795,91.1340692265068,92.3447421379685,83.8139006557677,100.763295603457
T207,65.9496680860592,60.5386082980981,68.4957652334544,69.995590408427,68.6141959119345,72.6808852813559,69.1317347452267,65.7775812131404
T208,85.7657120601762,84.6910834050044,72.9219806364716,78.9547474503561,74.3034397530933,72.789260765939,77.6744575114574,75.0388881990662
T209,69.7438000026627,77.295784714089,70.4536471570297,89.3465032113678,83.6634328746358,91.5598644977371,100.537143739588,84.8462404650496
T210,101.743926053092,86.6118338717432,83.5882075983394,100.488646783364,106.417544196397,105.074889002986,118.17970901392,108.879167849116
T211,153.623457252586,147.919925704093,181.017300134302,166.919396654096,159.615203668852,146.284880112416,179.959234716038,184.591885230104
T212,85.6854765798791,81.6554144673657,84.6998959019054,75.875240076933,84.1464027822913,83.7517080077821,87.9709649835665,88.3065053914669
T213,109.071794830399,105.77848720299,125.99625025145,115.040807770654,98.5669375058426,89.3807487024109,87.4304597298227,116.906749331303
T214,80.294925382219,88.1414045804039,80.9910766886363,89.9109502213558,82.0113343539715,84.2859581444504,95.9445800555467,77.5573003035076
T215,63.2366384698719,47.6163736261103,66.0755730842866,68.4837474530026,70.855755825197,76.8461923802912,66.2784438977904,63.4684705860675
T216,72.483574508281,68.2314269960154,66.3371641415761,60.2780091959665,86.1663788531077,79.6141977105142,78.0124726757942,71.6582692037734
T217,49.4552332553519,52.8212670708049,55.6762863847888,63.7290605539274,61.0238382296824,50.2704389013584,58.6798983990353,54.7194492292791
T218,44.8072467335347,40.9838307699548,41.1971593338854,44.1248755790815,47.3333362381299,45.6655669501324,44.4689354402833,45.8367455654611
T219,73.5190475170643,127.385943807619,101.974621224689,89.8858001745053,104.632844849213,139.218323375716,156.163555241017,170.084369336326
T220,99.8073473429782,106.938520589014,98.0056231761902,94.127052808097,94.7044690451401,106.049800743661,105.601256344455,142.441751171911
T221,120.964098068201,105.010583326282,108.220376300326,133.586641580291,131.05197098381,118.92879287686,124.979307995729,144.26239592702
T222,83.4197842889915,94.4255526689744,91.2316428304945,91.5438082712735,90.3507939760344,91.2077823810798,90.582155045679,81.5260852356597
T223,51.6359976199413,50.2311389666037,52.795041467913,55.0420274942746,56.200080910124,58.9036265801211,60.4662331794714,67.8413634109255
T224,86.9413465729844,133.591066987693,152.931441124577,122.050596854669,124.024785683414,172.030473524954,139.82291485503,116.267307707394
T225,74.8280615209969,75.1627659580714,74.0106337951066,73.4171411418699,74.0106337951066,73.0740267725979,74.2248407917889,74.4557989809656
T226,41.676389962752,41.4589801787799,38.5546304933044,41.2491938886077,42.2999956348918,38.1322463405533,37.0625103806119,35.8580257037333
T227,178.768529542075,196.286338421377,212.911579851887,207.050467181657,239.970753549641,243.436239675583,243.237871614685,236.608086207228
T228,89.3599790317097,109.107039635569,114.573025810713,111.674694402594,109.390712009745,109.872041135521,92.2632453997729,116.464258526668
T229,134.747459364572,123.61461631511,112.112570769876,107.857243928719,148.327643659743,149.117048814208,155.66305100552,165.894448343209
T230,87.69511544615,92.6160276839213,108.124405807785,95.7777871285444,86.0393378431159,104.299814603616,95.6921120507518,108.839849728119
T231,105.572577459526,103.714820168229,109.908983327449,103.596765987664,98.1643798722535,75.4080634417836,83.4142517365793,73.4369829162862
T232,75.7919891116022,82.8791870725023,80.5304303476477,81.7120393129623,84.9726076851671,82.2646908756023,90.2336099692624,82.8644447038747
T233,85.3838766444764,80.3342616972809,78.8648355887925,76.1198796986656,59.490723743068,56.2552262253399,47.5154086250385,52.2006489028131
T234,56.8389758861506,49.5311503025082,54.6198189016909,50.2731982578718,50.0728068585943,46.0519857112,53.4580933426439,48.2574685298489
T235,102.05699867457,98.1674967543564,96.8858977837703,91.0852447005086,82.5590936953831,83.9213238928769,81.7986127708838,88.8865161350429
T236,59.4033348418743,61.2734358809151,54.3427036794496,52.8673899114106,54.9716024141374,58.0971123997936,55.778539326233,53.1750296231468
T237,112.920756230346,113.589101964596,110.361077877686,117.173412018801,108.605000258283,115.110058919585,115.378790040329,115.841778609533
T238,60.6994734628382,53.217939776908,51.6219100569406,58.3321925738735,64.9488444715538,53.9863325396927,45.6764449893781,46.1114680443354
T239,81.6355606972445,101.19705170712,80.3381319999542,92.1070072121582,91.8310699284758,86.1325270740567,107.938159197114,120.347392554367
T240,114.670232281837,105.824441152455,111.935453657374,106.941709294396,108.07226316814,107.664827037663,94.3795143834968,98.4462485203147
T241,127.480406209541,144.051509006552,129.138174811642,147.62869272383,154.538431336269,146.777442699159,155.300420284303,162.538224989484
T242,115.931089550828,168.652790309016,170.17747860437,162.22146549724,180.758085163363,160.776626070392,144.162699839809,144.383521557137
T243,98.9266522454942,94.7178667453178,88.9214727008856,86.8498232756506,84.2262569871056,93.8571055823215,88.5777190247593,88.7402302315889
T244,50.7862939684092,48.0935938090356,41.8014490035288,39.8259683509715,39.5139635602952,39.9205519868589,38.9050021762202,51.5561758980355
T245,136.078877813647,138.162767126464,128.775569750952,123.554843498711,113.01651156205,117.07280606668,128.498149034989,136.676124880229
T246,71.4694429325095,62.842420499272,77.8536155941297,71.3646430398473,80.2771922666145,84.4642316144298,88.1285873507982,96.9649808828279
T247,169.320371459525,172.451402047494,138.524568913289,103.775524149077,99.5036703958285,96.8051636593435,149.807201714524,201.252795660709
T248,121.874175652636,120.850485661871,113.741022332391,132.902688351878,139.046103125355,112.439476433512,114.345844110404,137.405962340023
T249,123.114034104728,106.459378085982,96.5160334125937,71.9761374994871,87.5189068162242,98.8630457152515,109.090804220236,116.143237378846
T250,126.259567325776,127.487295288051,118.221119281433,119.185153431747,120.40563504596,126.609244174168,126.609244174168,124.513631802286
T251,64.8652741457471,64.4921379216283,64.5282515129388,66.8717434777268,65.2558556624912,64.9423309668635,64.6540540417126,64.6540540417126
T252,196.4181962581,193.286654478155,187.114318666471,188.007714703804,177.909777581855,182.497956980456,174.68107051022,169.35735024523
T253,132.399235238785,120.710070981952,165.005811914947,130.833653126293,160.004578785357,110.758407450446,156.448242475991,151.444603626286
T254,238.064755749737,251.236978461993,247.656282974433,262.914047179039,244.07537602489,261.648042542136,241.532617832364,236.218189286351
T255,147.599746379365,151.252226421606,162.770626490912,145.073557257696,145.347656222511,146.094835716795,178.581806225538,159.81648299988
T256,122.846185676549,139.463581190593,168.742293147778,177.258353954089,151.895517574013,134.993396201853,133.669964482421,124.823911247543
T257,138.216824850886,124.436938259602,134.992517093288,116.004101266341,120.583954675308,98.3221768533207,107.186694713651,83.7474991407776
T258,30.8864082919585,35.727075860094,33.3566411610871,32.3721468954121,34.2032812779759,31.5162739898945,36.550291382474,32.2392538274473
T259,50.2191944759692,62.7593132388517,27.6414809515559,29.6414937596121,8.46438106100035,16.1930084734665,41.7871443401033,31.1335438336609
T260,67.8941291500315,63.193110276107,55.4237429778333,64.0335921290743,69.2771001451409,71.1162196451342,63.9863809813814,57.9648325132972
T261,149.968151306945,158.633287336599,151.09872167138,169.66915012291,172.256015704721,173.251990646495,166.342312219713,158.378847782592
T262,74.9767640198146,76.7982554936949,69.9032844120089,77.4481105321316,83.1187607234624,80.1950771041357,74.7141579754824,75.4797867411432
T263,34.6092236664936,35.7656251828003,36.5946135676382,32.5373348898042,34.0258497555011,33.5879932295279,35.3865382971013,35.4754252436279
T264,75.1213984598661,85.0838548321993,94.3264594242622,82.7849749335204,88.3332868042718,88.023773429473,94.8683822421285,97.6152371227743
T265,58.9666449478309,70.7977341674116,118.044422299169,100.019597233254,111.171682965194,126.069929966396,126.820045801538,118.709574119965
T266,202.080072847682,201.352478606265,203.07024173199,209.079200897618,219.314411104061,204.708725873139,193.715280369711,212.968015799145
T267,60.5766741513029,66.9799196723143,78.9706183847665,105.583959878623,108.665722070517,137.244810924981,161.646129156504,129.932735101802
T268,93.9389701465474,97.8777722407241,103.401683462594,103.741525079261,113.766426469466,104.759022037555,113.830242432501,109.920341777191
T269,100.642048041987,104.335769263814,90.3288421691158,88.0522202337986,92.2094683248007,107.429886079827,110.709249951201,116.870113892506
T270,99.114308223403,99.4435883429297,100.889041335697,94.5956597604772,97.0586371148448,97.7740124669863,95.0552049418495,97.0586371148448
T271,79.4031846988199,76.1547240749687,74.8337079506197,75.6541883698822,81.1531745128898,69.9536173505742,75.4726434678556,70.6202224009451
T272,73.9852245612392,94.7068485475577,108.504163107158,82.2032632616636,84.8593274001165,108.307768864233,88.0817288408144,85.3095106649089
T273,112.09842510071,126.874807257209,123.014605838198,119.253258551,121.942321563056,115.010878036851,118.518808710159,117.253618053958
T274,92.7156719751876,91.9967211438448,88.8504575232406,91.112587752836,99.5680664847651,100.244295493039,98.7133884828752,101.72688419473
T275,131.925480757917,150.108330427999,154.090739611489,127.940724839593,159.397593605602,180.929067315146,173.606580286738,175.188454485673
T276,71.4644964908031,78.3634668148203,83.6618325272958,91.2881752144578,94.6392665565292,105.109324705917,110.588086862391,108.795621601071
T277,50.2687301373788,52.3422434420653,49.5701532415424,48.3817427776329,51.234539872039,51.1539934205702,49.0383193988875,49.243236301216
T278,120.084900420626,110.872976900231,140.986941955185,124.469832221933,160.274739438548,133.730394511371,153.527561085467,110.940394297409
T279,95.6289947894986,99.2909328294865,98.8210116561587,96.925424041671,113.566721461541,100.30200990094,118.806030193715,109.620682753344
T280,108.789857263995,118.589786627548,109.629094146179,112.392384502186,112.557765691612,116.963613749339,118.963493117218,112.449591263501
T281,62.6377349047264,52.6919734409917,51.5382687953765,47.6492234140956,43.2996886861028,47.4332934902747,51.775900225697,48.0977515674182
T282,48.1979421526216,49.9444926397504,51.5125007418471,54.8561403226563,58.7700286194163,39.813671475548,40.2781951148615,31.9045838927115
T283,40.5180365493205,35.2938286866816,31.7488532211495,31.7488532211495,31.7488532211495,31.7488532211495,31.7488532211495,31.7488532211495
T284,76.9652318609824,78.398736468151,79.3702925356672,68.709151181001,59.4744240527204,64.814783692228,50.3485215925811,61.1005216461059
T285,110.813349347808,135.51423309379,147.486800810281,159.88783525134,159.662021711921,180.836608047364,223.201994318799,221.279217476533
T286,95.9241886397729,88.7733361948476,94.0717796839255,86.4150939903417,102.705726832978,110.14610176585,124.326043060762,117.552050290075
T287,64.6462716678,62.6545176047497,71.7311085529788,77.6491319781698,92.4300287043449,119.890062744486,113.297970335757,129.722308006353
T288,147.142004795556,128.558969152381,128.792469544877,124.335274557744,123.655683053187,125.681786301923,115.694646426206,112.907578682496
T289,92.6020267535258,81.1369378027878,91.0451528652961,92.143171706124,87.8522023621306,90.6078861670307,86.9201640948795,93.4991969051973
T290,89.1389673376588,89.4780812104219,88.1589738030129,88.304700317359,88.510733188507,89.3151726053382,89.5925395535378,89.3151726053382
T291,62.3136101926368,61.4736888459224,49.6879046563353,47.09388541455,41.9268633025754,38.7527830873723,37.262991746539,48.1023855591663
T292,168.365135081427,206.513302043924,252.543551550266,239.927031711651,254.666928142377,311.480093929087,309.35034315697,293.384062766232
T293,199.231903696071,188.446847816617,189.094989949057,190.553894961273,199.944130269697,197.31452440929,200.623435586673,199.944130269697
T294,61.8283359986032,67.2250559030919,57.3885486669798,49.6788640886055,45.1322078329041,52.4397950965357,52.9403653246023,57.7310882388758
T295,46.4925334504334,48.5034463151928,57.7187630695109,58.7251236688843,44.4750257555877,55.2943414019027,69.3123841633566,67.3444206600707
T296,83.8719438585841,83.0124935218819,81.6388560702443,84.7394718244051,83.1844940170612,86.7712853823268,86.4162491617933,88.0044778434104
T297,56.9963269743481,59.9548041602672,72.564311394053,78.5847319225888,78.3768373611256,77.3461279016363,77.8134834089434,77.7694447365004
T298,163.394952106449,183.786458621802,166.398997817412,160.914740754949,132.085058153809,179.113085426094,175.341990070848,160.297791219049
T299,171.123049852688,183.357092575455,192.566252379161,226.943965770392,214.767950118476,189.115854308326,189.772276786858,173.268415092828
