T1,81.7276296869839,81.5016203608941,81.2758165750639,81.0502075264805,80.8247832013904,80.5995343098948,80.3744522267308,80.1495289375783
T2,24.9782393567176,24.8345050279242,24.6909825987738,24.5476610422531,24.4045301648605,24.261580534913,24.1188034179269,23.9761907182804
T3,51.7571769793916,51.6489798795823,51.540895693661,51.4329176821293,51.3250396034413,51.2172556721352,51.1095605209857,51.0019491667434
T4,109.377428733633,109.289178743149,109.200511779283,109.111460916575,109.022057470357,108.932330999791,108.842309332917,108.752018608131
T5,133.698804718855,133.556305454729,133.413948373692,133.271724822681,133.129626783413,132.98764681868,132.845778023856,132.704013983046
T6,59.5320586501393,59.28856301764,59.0450970950573,58.8016638730555,58.5582661559226,58.3149065754664,58.0715876037237,57.8283115645971
T7,152.08470873582,152.062927431152,152.041153832829,152.019387455021,151.997627846467,151.975874587656,151.954127288264,151.932385584831
T8,32.0418411617505,31.5390469710323,31.0364140614656,30.5339606380292,30.0317037600878,29.5296594366908,29.0278427135256,28.5262677523825
T9,32.467178485865,32.2776577642222,32.0886202972464,31.9000369796359,31.7118809239146,31.5241272645097,31.336752981835,31.1497367440572
T10,121.013376056148,120.99715595853,120.980940686018,120.964729941144,120.948523447157,120.932320946379,120.916122198695,120.899926980192
T11,114.045672784839,113.946747430905,113.847819471199,113.748889642573,113.649958631672,113.551027078747,113.452095581157,113.353164696562
T12,62.6769269927307,62.723021379928,62.7690319122917,62.8149646923449,62.8608253392779,62.906619033318,62.9523505554264,62.9980243228772
T13,99.4744408694663,100.189900149321,100.906167147407,101.623228996471,102.341073548971,103.05968931718,103.779065418896,104.499191528193
T14,31.9542191222098,31.895289904169,31.83642721394,31.7776270507162,31.7188857102911,31.6601997598644,31.6015660152998,31.5429815205629
T15,75.9377775943489,74.2609168096538,72.5873481615774,70.9169788638643,69.2497236887179,67.5855043910436,65.9242491883592,64.2658922905715
T16,192.250621371479,193.560822900873,194.870954591974,196.181096480788,197.491322184815,198.801699491617,200.11229088481,201.423154014978
T17,64.3954488440246,64.5192264549878,64.6429052033545,64.7664934049784,64.8899987497296,65.0134283560867,65.1367888202718,65.2600862605416
T18,49.7437569551397,49.7708957297126,49.7980336233349,49.8251708351611,49.8523075488453,49.8794439338708,49.9065801467509,49.933716332116
T19,51.015987087356,51.678292183412,52.3368626504868,52.9920170368131,53.6440465440725,54.2932178119447,54.9397753692077,55.5839437971874
T20,171.357340910592,172.357200427672,173.3567532013,174.356066064881,175.355200746695,176.354214322512,177.353159621824,178.352085593055
T21,54.314889117328,54.2105756650655,54.1064487822707,54.0024961875381,53.898706547372,53.795069391798,53.6915750386051,53.5882145252153
T22,63.0884525633682,62.9387949132272,62.7892792199783,62.6398976909312,62.4906431079611,62.3415087791748,62.1924884952264,62.0435764897757
T23,80.4274057638497,80.1021060821497,79.7771708167337,79.4525816371269,79.1283215661995,78.8043748667006,78.4807269386706,78.157364226553
T24,76.9664838055973,77.4585531942297,77.9489912633212,78.437938486698,78.9255235523612,79.4118645116036,79.8970697986513,80.3812391374546
T25,190.931536422282,190.798187015066,190.664562442058,190.530684908626,190.396575068355,190.262252132467,190.127733971621,189.993037210577
T26,80.3638762561722,79.7899048322168,79.2164950117361,78.6436269579559,78.0712823378059,77.4994441971603,76.928096847891,76.357225765477
T27,67.3124620070108,67.2721155400138,67.2317840838107,67.1914667604246,67.1511627547102,67.1108713092619,67.0705917197912,67.0303233309238
T28,73.8014004748081,73.8372318826673,73.873025353662,73.9087836232628,73.944509219752,73.9802044823398,74.0158715774653,74.0515125134897
T29,31.2158437840914,31.0801902119182,30.9446974250383,30.8093570128635,30.674161198333,30.5391027836023,30.4041751010598,30.2693719690813
T30,79.5048387321142,78.7561506263402,78.0080165807055,77.2604380604125,76.5134163081975,75.7669523755397,75.0210471501687,74.2757013803369
T31,90.021590196087,90.0508877234086,90.080205000643,90.1095407673362,90.138893846934,90.1682631407074,90.1976476221588,90.2270463318664
T32,147.888725067986,147.755472158157,147.622294427394,147.489187420042,147.356147006974,147.223169358307,147.090250918714,146.95738838507
T33,83.0188472834207,82.3605189406965,81.7029345740856,81.0460683115627,80.3898961885204,79.7343959916543,79.0795471175504,78.4253304444128
T34,167.334042662171,167.17820034988,167.022370877609,166.866554471256,166.710751337086,166.554961663455,166.399185622369,166.243423370897
T35,56.2609823614838,55.8781086838294,55.4952397204492,55.1123902075655,54.7295738781097,54.3468035376678,53.9640911341126,53.5814478214985
T36,79.9547198474121,79.981476866162,80.008233905315,80.0349909949694,80.0617481637796,80.0885054390445,80.1152628467891,80.1420204118396
T37,58.861370625838,58.7993956208786,58.737547643133,58.6758179851882,58.614198613543,58.5526821082248,58.4912616086334,58.4299307648839
T38,61.4100510520257,61.1098944929352,60.8100997855766,60.5106495105557,60.2115275240777,59.9127188520403,59.6142095941908,59.3159868372639
T39,55.6416047965645,55.6188491285053,55.5961152184483,55.5734016125452,55.5507069648968,55.5280300283533,55.5053696462118,55.4827247447125
T40,67.874900977848,67.4118945502624,66.949058608254,66.4863979096896,66.0239169157039,65.5616198132017,65.0995105354698,64.6375927810741
T41,117.301934632061,117.126215307686,116.950615774721,116.775129366002,116.599749895521,116.424471619006,116.249289198194,116.07419766838
T42,60.1090547682321,60.1642890181587,60.2194739377168,60.2746132391171,60.3297103531526,60.384768453889,60.4397904808721,60.4947791591335
T43,37.3234527660998,36.958711111783,36.5947822478038,36.2316233506394,35.8691948462534,35.5074601305275,35.1463853175018,34.7859390122873
T44,63.5806408793279,63.581344668999,63.5820481495502,63.5827513391408,63.5834542546951,63.584156912001,63.5848593257994,63.5855615098652
T45,151.66133818117,151.567367102744,151.473391147102,151.37941067181,151.285426017486,151.19143750884,151.097445455637,151.00345015359
T46,94.3504879670439,94.5258982254431,94.7012181228016,94.8764561778169,95.0516202751531,95.2267177196911,95.4017552854697,95.5767392599044
T47,62.3986030805011,61.4733766699513,60.5486262096803,59.6243778187954,58.7006560346708,57.7774839376209,56.8548832655891,55.9328745197862
T48,75.1047589244092,75.183468356823,75.2620607755536,75.3405450720817,75.4189294406545,75.4972214415198,75.5754280575815,75.6535557452495
T49,45.2899548687153,45.2243732334266,45.1588267197705,45.0933135715946,45.0278321569106,44.9623809579017,44.8969585618465,44.8315636528662
T50,77.5917954790477,77.5723179800215,77.5528637541996,77.5334311777952,77.5140187512415,77.4946250882629,77.4752489060456,77.4558890163849
T51,83.8417579164308,83.1263897961034,82.4115991998204,81.6973794547181,80.9837243398522,80.270628054878,79.5580851913513,78.8460907064037
T52,64.914699021576,64.924983058917,64.9352646506722,64.9455439709644,64.9558211815453,64.9660964327979,64.9763698646472,64.9866416073869
T53,112.766625664874,112.808992670223,112.851323585266,112.893621045251,112.935887488939,112.978125175403,113.020336199193,113.062522504028
T54,123.399226289782,121.642193563892,119.887481228313,118.135028695715,116.384780077126,114.636683817658,112.890692365893,111.146761873499
T55,156.643498659243,156.793059360359,156.942574832387,157.092049092427,157.241485869658,157.390888628901,157.540260591998,157.689604757208
T56,103.025936218989,103.43409138093,103.841934539963,104.249499662383,104.6568180326,105.063918498653,105.470827691999,105.877570224601
T57,200.617828033248,199.785597355984,198.952892520486,198.119766581825,197.286269239367,196.452447058907,195.618343679674,194.784000007227
T58,89.4498616490567,89.2411436401224,89.0326241477834,88.8242920296646,88.6161369640754,88.4081493812072,88.2003204009206,87.9926417764093
T59,52.4218793267673,52.2653518613573,52.1091315129135,51.9531995692493,51.797538733563,51.6421330002403,51.4869675432134,51.3320286154386
T60,110.205793983217,109.691236456912,109.177010195492,108.66310463862,108.149510001327,107.636217211823,107.123217854961,106.610504120758
T61,179.68393214047,179.873308220672,180.062560904371,180.251699989907,180.440734552509,180.629673005641,180.81852315639,181.007292255559
T62,116.690679068415,116.403641906468,116.116689504616,115.829821056578,115.543035798055,115.256333004181,114.969711987165,114.683172094089
T63,54.3671717019277,54.3397790964647,54.3124138566555,54.2850741700447,54.2577583586896,54.2304648676948,54.2031922548661,54.1759391813599
T64,108.71832407539,108.371170631321,108.024049205714,107.676964487263,107.329920831988,106.982922289874,106.635972629125,106.289075358251
T65,64.0443078238643,64.0771467437094,64.110018830245,64.1429220125752,64.1758543537253,64.2088140413835,64.2417993793233,64.274808779456
T66,117.009022516699,117.175547352543,117.341981130598,117.508331946842,117.674607298086,117.840814132647,118.006958896143,118.173047572915
T67,106.721245205905,107.023670175981,107.325873108497,107.627876124998,107.929699659023,108.231362604163,108.532882447281,108.834275388561
T68,125.041796702719,124.795497116513,124.549208245238,124.302931545789,124.056668396983,123.810420104726,123.564187906763,123.317972977078
T69,125.253241818396,125.236461887538,125.219697158192,125.202946574516,125.18620915893,125.169484005475,125.152770273818,125.136067183832
T70,111.637776746756,112.054125366126,112.471081694487,112.888615924486,113.306700047196,113.725307747171,114.144414302368,114.563996489003
T71,85.1637185998855,85.1336933731756,85.1036587532925,85.0736161989138,85.0435670276358,85.0135124301956,84.9834534831229,84.9533911600139
T72,71.1649981161492,71.23152588558,71.2980416501312,71.3645466051704,71.4310418622825,71.4975284559741,71.5640073497668,71.6304794417416
T73,87.1009491088444,87.2333866194799,87.3657002752759,87.4978998600627,87.6299944208578,87.7619923321246,87.8939013536051,88.0257286824493
T74,154.570167379938,155.920765179242,157.268956893401,158.615015762316,159.959191742126,161.301713817336,162.642792051364,163.982619408767
T75,82.8011613432687,82.8186118180283,82.8360493936928,82.8534749280474,82.8708892165724,82.8882929977002,82.9056869575632,82.9230717342869
T76,49.8300933842686,49.8515283174474,49.8729233858407,49.8942814573721,49.9156051749187,49.9368969767875,49.9581591150504,49.9793936719929
T77,116.058660263054,115.486834929313,114.91477777768,114.342520759567,113.770093794534,113.19752490819,112.624840360219,112.052064763251
T78,84.9836518709799,85.1149011058754,85.245871929341,85.3765851291835,85.5070598526324,85.6373137567807,85.7673631431568,85.8972230783272
T79,132.504831645848,132.247324492832,131.989799855702,131.732262008366,131.474714933948,131.217162346987,130.959607713725,130.702054270688
T80,93.6760548658842,93.6439402526178,93.6117476954697,93.5794820343884,93.5471478560169,93.5147495034862,93.4822910864721,93.4497764913622
T81,171.705515574191,172.055228539512,172.404694620471,172.753935787223,173.102972338661,173.451823049293,173.800505301341,174.149035203742
T82,37.5534998789805,36.9433237836115,36.3339219953148,35.7252809990558,35.1173884595568,34.510233132436,33.9038047838742,33.2980941179322
T83,169.904393617261,170.177899899945,170.451585882683,170.725443603203,170.999465605347,171.273644903025,171.547974947021,171.822449594404
T84,113.09126674073,112.053984936459,111.016524083559,109.978946364081,108.941309842548,107.903668769032,106.866073857993,105.828572545003
T85,84.6534643885008,84.6196474110232,84.5858685339254,84.5521251870559,84.5184149967861,84.4847357686502,84.4510854717426,84.4174622246741
T86,55.9443225410506,56.2118379791319,56.4793266369267,56.7468005395656,57.0142708053654,57.2817477237155,57.5492408252603,57.816758945238
T87,47.8109242541957,47.6039365836119,47.3970100084186,47.1901456228869,46.9833444483238,46.7766074387974,46.5699354863628,46.363329425838
T88,157.760066129343,157.52141598119,157.282711588159,157.043959152059,156.805164455821,156.566332894388,156.327469503078,156.088578983675
T89,47.6579486825238,47.4661065045407,47.274594913203,47.083394500607,46.8924873242141,46.7018567796587,46.5114874862415,46.3213651836733
T90,186.328502888098,186.274489517249,186.220474974579,186.166459351484,186.11244273504,186.058425208263,186.00440685036,185.950387736946
T91,64.8249159856452,64.404657888747,63.9848846987045,63.5655741407277,63.1467056630662,62.7282602879677,62.3102204773704,61.8925700116884
T92,81.5919389781525,81.4352017242914,81.2785618645918,81.1220148522475,80.9655564609368,80.8091827589348,80.6528900856189,80.4966750301163
T93,142.495230695796,142.488087776497,142.480941846938,142.47379315899,142.466641945109,142.459488419967,142.452332781943,142.445175214467
T94,109.899058819492,109.942339238491,109.985566579021,110.028744687851,110.071877119297,110.114967160844,110.158017856203,110.201032026079
T95,135.659134162193,135.752169293722,135.844906256457,135.937366421823,136.029569438402,136.121533394701,136.213274964125,136.30480953437
T96,83.7526933339057,83.6703841462554,83.5880844712622,83.5057942383688,83.4235133806972,83.3412418348233,83.2589795405665,83.1767264407952
T97,164.291738856484,164.736754558714,165.182014763739,165.627512527868,166.073241357769,166.519195176903,166.965368294754,167.411755378605
T98,66.9009163594916,67.0552028537948,67.209528910243,67.3638942855296,67.5182987553234,67.6727421126474,67.8272241664065,67.9817447400502
T99,110.38793359478,110.370662044521,110.353405575356,110.336163163455,110.318933862075,110.301716794866,110.284511149844,110.267316173963
T100,69.6252333332582,69.4245968290652,69.2240093788562,69.0234709824183,68.8229816444801,68.6225413742491,68.4221501849925,68.2218080936582
T101,108.611899136296,108.440155639147,108.2685828491,108.097170323503,107.925908394078,107.754788101398,107.58380113569,107.412939783294
T102,72.4608853226752,72.5472790842724,72.6335531644391,72.719716613098,72.8057777506791,72.8917442367713,72.9776231313472,73.0634209494698
T103,197.541076805087,197.652187812343,197.7630601407,197.873711542999,197.984158331032,198.094415511439,198.204496906866,198.314415264184
T104,87.5112995207393,87.5210491905261,87.5307881694492,87.5405172120436,87.5502370157017,87.5599482256582,87.5696514394773,87.5793472110976
T105,67.8247683253691,67.8968945240906,67.9688691716027,68.04070347474,68.1124077599475,68.1839915535806,68.2554636537764,68.3268321948995
T106,109.789955681727,109.840194220016,109.890428279222,109.940658428871,109.990885195894,110.041109068115,110.091330497428,110.141549902676
T107,63.3147405473229,63.234750792698,63.1548604285613,63.0750629782188,62.9953524520154,62.9157233053677,62.8361704009361,62.7566889744774
T108,240.926916924169,241.366857409729,241.807133697592,242.247729552644,242.688629786237,243.129820182957,243.571287432914,244.013019069127
T109,68.0606633447005,67.9786896390104,67.8968253409262,67.8150633482176,67.7333970921701,67.6518204914996,67.5703279108315,67.4889141232336
T110,103.226524365543,103.557187837249,103.888402477857,104.220137202876,104.552363059861,104.885053070115,105.218182083117,105.551726642589
T111,108.101257935093,107.762778428797,107.424103228806,107.085253745379,106.746249911445,106.407110292074,106.067852185184,105.728491714211
T112,100.671264720611,100.409971268234,100.148728067008,99.887536018967,99.6263959610792,99.3653086705425,99.1042748696042,98.8432952299497
T113,148.034710518501,148.278629865295,148.522317484942,148.765792081041,149.009070938753,149.252170049138,149.495104221018,149.737887181758
T114,61.8917392244478,61.9847968880382,62.0777480779209,62.1706013304041,62.263364528522,62.3560449595502,62.4486493667284,62.5411839958466
T115,104.641491918244,104.96839207871,105.295473546721,105.622732274717,105.950164473656,106.277766593469,106.605535305194,106.933467484615
T116,49.6270127268021,49.4239520060527,49.220922031236,49.0179263066241,48.8149680757274,48.6120503425291,48.4091758908112,48.2063473017593
T117,112.915948400549,113.060757736809,113.205635032019,113.350577211243,113.495581401309,113.640644916034,113.785765242644,113.930940029302
T118,90.2980315099914,90.47725486456,90.6563967802364,90.835465368025,91.0144681409795,91.1934120647855,91.3723036034496,91.5511487606295
T119,59.7304769743725,59.5943061632323,59.4581040312805,59.321872905593,59.1856149823005,59.0493323361538,58.9130269292443,58.7767006189682
T120,97.8908730905176,97.4371795235475,96.9829742234095,96.5283030552057,96.0732089789259,95.6177322437068,95.1619105686076,94.7057793108251
T121,98.7826156521626,98.9380123439727,99.0932569868841,99.2483615203751,99.4033369653934,99.5581935066006,99.7129405661577,99.8675868700356
T122,52.6673738032258,52.7220380447281,52.7766806974512,52.8313036367858,52.885908601594,52.9404972055705,52.995070947523,53.0496312206908
T123,86.5813139045091,86.6556323757623,86.7299292353688,86.8042064950397,86.8784660130085,86.9527095073681,87.0269385680886,87.101154667866
T124,121.159304285096,121.136369983515,121.113446012522,121.090531657744,121.067626257053,121.044729196241,121.021839905111,120.99895785393
T125,62.2508345595926,62.0665146103561,61.8823532501583,61.6983425195945,61.5144750409975,61.3307439702765,61.1471429533055,60.9636660863746
T126,87.1735017857359,87.0996827022017,87.0259055774849,86.9521679132723,86.8784673913152,86.8048018586765,86.7311693143568,86.6575678971517
T127,105.258098883284,105.217746768358,105.177407762608,105.13708106869,105.096765945904,105.056461705641,105.01616770724,104.975883354231
T128,107.938569368428,108.020737412059,108.102814735988,108.184808170461,108.266724024777,108.34856813301,108.430345895141,108.512062314114
T129,56.5549371506772,56.5244626805446,56.4940502159838,56.4636953960094,56.4333941925294,56.4031428809989,56.3729380140506,56.3427763977621
T130,153.974663239228,153.826939434688,153.679537718627,153.532435741123,153.385612903876,153.239050201117,153.092730077158,152.946636298586
T131,65.8909345826546,65.7637653702448,65.6366264065791,65.5095171969071,65.382437280804,65.2553862295376,65.1283636436638,65.0013691508296
T132,73.620529126607,73.618426537378,73.6163258002346,73.614226790197,73.6121293914805,73.6100334967163,73.6079390062473,73.6058458274913
T133,148.048659615049,146.435920084089,144.825896540634,143.218495109042,141.61362861006,140.011216018129,138.411181970644,136.8134563235
T134,69.509843639562,69.3238274601691,69.1377782118127,68.9517010031941,68.7656006126982,68.5794815119424,68.3933478874751,68.2072036607852
T135,70.7733642484954,70.7821372436659,70.790910533526,70.799684116197,70.8084579896454,70.8172321517088,70.8260066001177,70.8347813325153
T136,116.419668993983,116.555276338057,116.690749541134,116.826098821637,116.961333629534,117.096462713181,117.231494179484,117.366435548163
T137,8.13447325041254,9.72937283037307,11.3063750078693,12.8670865765074,14.4129697674685,15.9453585744414,17.4654728630618,18.9744306076699
T138,167.877407285679,167.488342937183,167.099255937273,166.710153246552,166.321041358483,165.931926334558,165.542813836499,165.153709155773
T139,32.9757997185817,32.2975365673119,31.6192247362974,30.9409282247081,30.2627067992304,29.5846163449246,28.9067091862811,28.2290343814329
T140,208.692787210823,208.620410072345,208.548100650252,208.4758544141,208.403667168261,208.331535023528,208.259454371474,208.187421861262
T141,88.7616918342894,88.680972094131,88.6001927327393,88.5193584456474,88.4384736183903,88.3575423480641,88.276568463307,88.1955555428211
T142,90.7319777145751,90.201306422088,89.671577215846,89.1427389576159,88.6147443448889,88.0875495814023,87.5611140802059,87.0354001956307
T143,69.7631294909292,69.7726403323729,69.7821438376524,69.7916405276646,69.801130884613,69.810615355302,69.8200943541097,69.8295682656753
T144,146.646481222855,146.54887214575,146.451365428936,146.353954258894,146.25663233009,146.159393801586,146.062233257889,145.965145673573
T145,29.8187832866937,30.5907068842346,31.3550892519037,32.1128470341113,32.864776674985,33.6115733166733,34.3538463355396,35.0921321749547
T146,143.744990143859,142.233648179143,140.724860083969,139.21851917517,137.714526825679,136.212791788247,134.713229584876,133.215761954763
T147,122.446436246161,122.433400527507,122.42037083655,122.40734676268,122.394327925776,122.381313973611,122.368304579518,122.355299440273
T148,125.452138076759,125.385253490299,125.318431266579,125.251667256554,125.184957619806,125.118298798249,125.05168749239,124.985120639871
T149,38.3527974861553,38.0436440800058,37.7343611466261,37.424969805663,37.1154898488686,36.8059398311304,36.4963371548402,36.1866981481144
T150,89.8387943773523,90.5769928470959,91.3142973180173,92.0508128864285,92.7866362113,93.5218563226649,94.2565553397888,94.9908091104611
T151,140.362351176204,140.171650760264,139.981248000829,139.791123307374,139.601258586138,139.411637108272,139.222243391327,139.033063092543
T152,58.4632271095622,58.381608515548,58.3000389506352,58.2185160631898,58.1370376627824,58.0556017074106,57.9742062918822,57.8928496372428
T153,83.9780849001884,84.1385454992845,84.2989975744102,84.4594437602022,84.6198865056524,84.7803280890462,84.940770631527,85.1012161094292
T154,43.6435341773261,43.7734774414761,43.9033733025725,44.0332276402998,44.1630459013089,44.2928331360998,44.4225940322978,44.5523329447226
T155,126.06821461021,125.580432555536,125.092867875618,124.605516536942,124.118374798032,123.63143918654,123.144706478378,122.658173678674
T156,126.886458164332,127.309547926182,127.731762066248,128.153169514158,128.573833722581,128.993813175528,129.413161842435,129.831929584565
T157,148.977588082792,149.737441823423,150.497905679966,151.258970676209,152.020628358943,152.782870757063,153.54569034427,154.309080005041
T158,136.467189107958,137.338088201541,138.208021389102,139.07710326812,139.9454387165,140.813123845739,141.680246847991,142.546888750252
T159,105.110257073933,104.385639482261,103.661969778155,102.939204705626,102.217304185153,101.49623105231,100.775950821024,100.056431468833
T160,92.7940965769527,92.3578383279915,91.9221670040834,91.487051362889,91.0524625137542,90.6183737162414,90.1847601984234,89.7515989927515
T161,54.6133836753505,54.4263037027008,54.239331057918,54.0524621558008,53.8656936671293,53.6790224980007,53.4924457710732,53.3059608085178
T162,59.9524098274948,60.0460390314382,60.1397082684224,60.233415664844,60.3271594820143,60.420938105427,60.5147500349807,60.6085938760605
T163,64.5859168699039,64.7187285708559,64.8514794586868,64.9841752119414,65.1168210962834,65.2494219994614,65.3819824628704,65.5145067100834
T164,54.3759608514619,54.2659674666481,54.156013569107,54.0460981768629,53.9362203680354,53.8263792764764,53.7165740877772,53.606804035611
T165,166.897670976281,167.013260468374,167.1287923686,167.244271166149,167.359701022769,167.475085800103,167.590429084407,167.705734208956
T166,82.7256479660102,82.6000864299893,82.4745440919244,82.3490209109848,82.2235168474943,82.0980318629566,81.9725659200709,81.8471189827381
T167,61.0632252538701,61.1169487718967,61.1706786444205,61.2244147098896,61.2781568194408,61.3319048358414,61.3856586325298,61.4394180927416
T168,54.1738720306001,54.1000524458318,54.0262908415146,53.952583802067,53.8789281610727,53.8053209805785,53.7317595323559,53.6582412809153
T169,92.3934429440935,92.2100736146475,92.0268312162988,91.8437091665293,91.6607013577361,91.4778021184211,91.2950061779937,91.1123086348083
T170,36.5734501592893,36.5975801444426,36.6216723480893,36.6457295625662,36.6697543635206,36.6937491293253,36.7177160584973,36.7416571853538
T171,79.8448989652166,79.6446187949128,79.4443365044425,79.2440548403985,79.043776364603,78.843503468697,78.64323838741,78.4429832106452
T172,80.8546684729647,80.5601697155627,80.2660284922754,79.9722253724345,79.6787423729639,79.3855628351812,79.0926713136062,78.8000534754543
T173,49.9412730593902,49.6559953155405,49.3710250924367,49.086349571961,48.8019568677566,48.5178359491461,48.2339765721525,47.9503692168732
T174,104.619389320457,104.005960540318,103.393237805591,102.781189798248,102.169787518092,101.559004089681,100.948814587637,100.339195878384
T175,52.260261496873,52.4885038475675,52.7162202540241,52.943455761149,53.1702517485629,53.3966462756878,53.6226743894966,53.8483683995092
T176,68.0600484371714,67.6361342256643,67.2123475891804,66.7886947161792,66.3651813745455,65.9418129443772,65.5185944479502,65.0955305771289
T177,59.8157509894735,59.7991906694795,59.7826347398449,59.7660829514977,59.7495350725916,59.7329908871373,59.7164501937574,59.6999128045541
T178,71.6355991796504,71.5678547541914,71.5001523297239,71.4324894991566,71.3648640301727,71.2972738506201,71.2297170353002,71.1621917940048
T179,54.8789286098268,54.4937741969573,54.1092000262089,53.7251783301525,53.3416834559318,52.9586916816653,52.5761810512009,52.1941312251486
T180,151.909598713824,151.757299409719,151.605002444506,151.452709119579,151.300420635275,151.148138099117,150.995862533306,150.843594881566
T181,76.5619324723082,76.4960282617053,76.4301413700639,76.3642709844659,76.2984163490409,76.2325767604643,76.1667515638578,76.1009401490527
T182,82.6497988597494,82.7279208727808,82.8060042049777,82.884052016789,82.9620672388208,83.0400525909517,83.1180105996315,83.1959436135609
T183,41.0695070740119,40.8300423797822,40.5910212834827,40.3524194860661,40.1142145206566,39.8763855940196,39.6389134438139,39.4017802098461
T184,144.185484084023,144.446209460796,144.706752346475,144.967127758242,145.227349588634,145.487430703759,145.747383031651,146.007217641904
T185,45.7601220789301,45.7671545700967,45.7741850679629,45.781213717047,45.788240651547,45.7952659961766,45.8022898669233,45.8093123717379
T186,44.2599034209291,44.3566370931359,44.4532622941687,44.5497881668735,44.6462231463234,44.7425750231156,44.8388510001833,44.9350577438741
T187,78.5832139476554,78.5130492822151,78.443014066347,78.3730993793204,78.3032969985783,78.2335993365298,78.1639993839177,78.0944906589856
T188,101.173353890437,101.23586765606,101.298381544309,101.360895771183,101.423410538617,101.485926035543,101.548442438855,101.610959914297
T189,97.2359131865249,96.9771035257033,96.7186022514525,96.460390821123,96.2024520918478,95.9447702004175,95.6873304549323,95.4301192369249
T190,194.897585612457,194.903942668861,194.910297480506,194.916650202539,194.923000979,194.92934994373,194.935697221188,194.942042927192
T191,76.6534123257854,76.0776479628094,75.5033199500445,74.930344949247,74.3586461062544,73.7881524697326,73.2187984700952,72.6505234515258
T192,102.426438917621,102.349086978074,102.271789165583,102.194542161871,102.11734289053,102.040188496813,101.963076329366,101.886003923676
T193,56.0227774533259,55.4611054937034,54.9006214011255,54.3412654733283,53.7829825858744,53.2257217957018,52.6694359843495,52.1140815363661
T194,102.6647070691,102.374263934068,102.084007381253,101.79392936455,101.504022413882,101.214279588837,100.924694436544,100.635260953359
T195,87.9340584293447,87.9298820330477,87.925705722725,87.9215294933826,87.9173533403857,87.9131772594302,87.9090012465168,87.9048252979274
T196,80.1892612174006,80.0716494362328,79.9541707859259,79.836817004381,79.7195804483,79.6024540399488,79.4854312191688,79.3685059000498
T197,127.136009140641,126.828739660852,126.520396808128,126.21104943838,125.900764709353,125.589607755492,125.277641451268,124.964926246565
T198,106.781884931607,106.801397209174,106.82088702049,106.840356019576,106.85980573321,106.879237572145,106.898652841198,106.918052748334
T199,97.7078228767136,97.4681947373466,97.2292567160483,96.9909625753081,96.7532697010325,96.5161387710981,96.2795334589779,96.0434201682221
T200,131.352800800842,131.358248356083,131.36369572631,131.369142917748,131.374589936355,131.380036787839,131.385483477671,131.390930011095
T201,39.181105920343,39.0375447471199,38.8941290610044,38.7508518378091,38.6077065691573,38.4646872191131,38.3217881849928,38.1790042619011
T202,96.6583139271488,96.664586082194,96.6708489533085,96.6771032013544,96.6833494362769,96.6895882216327,96.6958200786556,96.702045489914
T203,91.1614752678841,91.1028755197726,91.0442795328203,90.9856872492039,90.9270986163457,90.8685135864599,90.8099321161408,90.7513541659886
T204,60.8162634348536,60.7141679940924,60.6121473174438,60.5101975905247,60.4083152744121,60.3064970824566,60.2047399593457,60.1030410621693
T205,107.328619594467,107.257248897914,107.185933096391,107.11466866502,107.043452338429,106.972281088917,106.901152106708,106.830062782091
T206,138.579402569332,138.546024005523,138.51268658199,138.479387430957,138.446123900439,138.412893535587,138.37969406189,138.346523370009
T207,64.7436893716462,64.6812654078798,64.6188880209228,64.5565543367237,64.494261693058,64.4320076217033,64.3697898323257,64.3076061978938
T208,89.4644277016933,89.1230740373135,88.78188654431,88.440861739994,88.0999963828364,87.7592874538266,87.4187321394815,87.0783278163381
T209,73.460974357012,73.5381804998211,73.615323422886,73.6924080987612,73.7694391268249,73.8464207654575,73.9233569610479,74.0002513741797
T210,104.284448300855,104.31826130166,104.352098878976,104.385959406387,104.419841370091,104.45374336032,104.487664063483,104.521602254959
T211,142.568852555861,142.489106001993,142.409435384339,142.329835748073,142.250302504546,142.170831400192,142.091418488455,142.012060104421
T212,79.827637458821,79.8801480619571,79.9326316953775,79.9850904672511,80.0375263317513,80.0899411018998,80.1423364611891,80.1947139741137
T213,76.6115938839725,76.8638460358648,77.1160833429814,77.3683112563102,77.6205348545272,77.8727588747917,78.1249877405499,78.3772255866801
T214,80.2133380516324,80.1584994332323,80.1036720487262,80.0488553744945,79.9940489238317,79.9392522440199,79.8844649136637,79.8296865402627
T215,65.1057688043732,65.1061015603719,65.1064342388027,65.1067668435995,65.1070993784512,65.1074318468204,65.1077642519599,65.1080965969276
T216,62.9915428462722,62.5953784915847,62.1999845542418,61.805318433398,61.4113407309786,61.0180149760901,60.6253073767241,60.2331865956894
T217,60.2348410114425,59.7546631832022,59.2749435201303,58.7956692731418,58.3168286369465,57.8384106736269,57.3604052433597,56.8828029415304
T218,42.6299111125417,42.5376749431059,42.4454574359108,42.3532584082553,42.2610776940594,42.1689151424524,42.0767706164909,41.9846439919938
T219,105.930009606848,105.252256104549,104.574792582274,103.897625730162,103.22076170707,102.5442061866,101.867964398837,101.19204116823
T220,64.0481885260887,64.0231683498719,63.9982082833952,63.9733039908881,63.9484514791304,63.923647066094,63.8988873528944,63.8741691986533
T221,107.097498049167,107.355241288834,107.612688959997,107.869865496844,108.126793429538,108.383493557242,108.639985103072,108.896285853115
T222,70.4699947664077,70.3853659228862,70.3007356750013,70.2161057003655,70.1314775214034,70.0468525200943,69.9622319511872,69.8776169540622
T223,52.4507852423675,52.3268210544958,52.2029574520933,52.079189228045,51.9555115591236,51.8319199735744,51.7084103218331,51.5849787500348
T224,106.470703517506,106.522410626134,106.574149183449,106.625916936306,106.67771179367,106.729531814043,106.781375193974,106.833240257528
T225,77.0075241971311,76.5944981153842,76.1818307541729,75.7695109048798,75.357528126338,74.9458726845219,74.5345354977205,74.1235080866275
T226,40.1313777270125,40.1608047327919,40.190207212632,40.2195869900255,40.2489457521134,40.2782850614426,40.3076063665623,40.3369110115893
T227,217.386411763297,217.41435839058,217.442291822617,217.4702129035,217.498122418684,217.526021099702,217.553909628446,217.581788641053
T228,102.630168274398,103.662905767044,104.693485706172,105.722144339401,106.749097363562,107.774542032765,108.798659020034,109.821614064772
T229,107.406716007411,107.518888691687,107.630929329469,107.742848049646,107.854654208613,107.966356458139,108.0779628064,108.189480672961
T230,96.527482982427,96.2883261847452,96.0492836890742,95.8103511356602,95.5715244788719,95.3327999618043,95.0941740932159,94.855643626558
T231,95.8462653037716,95.8797214512107,95.9131742929901,95.9466239487214,95.9800705345423,96.0135141631588,96.046954943897,96.0803929827664
T232,72.601989811465,72.4003751727969,72.1986185447974,71.9967327323454,71.7947296971079,71.5926206181929,71.3904159480269,71.188125463864
T233,81.1082491606541,81.5876118203082,82.0658364099517,82.5430238151814,83.0192665198419,83.4946494218411,83.9692505581238,84.4431417502535
T234,46.8430279746665,46.6427909459824,46.4427493962685,46.2428939305013,46.04321586383,45.8437071608373,45.644360380733,45.4451686278279
T235,121.065669083297,121.492866710211,121.921142701693,122.350439715512,122.780703173736,123.211881210264,123.643924602769,124.076786693065
T236,52.3299605150879,52.2899796132846,52.2500483006889,52.2101632652075,52.1703214455633,52.1305200094466,52.0907563338462,52.0510279873164
T237,116.462956306175,116.779031078338,117.095234563373,117.411565038559,117.728020881361,118.044600562118,118.361302637339,118.678125743554
T238,56.5588495235862,56.4819886108583,56.4052117344458,56.3285138094702,56.2518901324045,56.1753363480003,56.0988484195062,56.0224226018098
T239,73.7798662352523,73.3712655686538,72.9625610420808,72.5537796669871,72.1449462114744,71.7360834027997,71.3272121096503,70.9183515064253
T240,98.9373599096926,98.8893089711403,98.8411954277584,98.7930241336301,98.7447996185481,98.6965261097791,98.6482075524112,98.59984762836
T241,111.203131667756,110.789602888865,110.376707345021,109.964408324218,109.552671886272,109.141466622615,108.730763439989,108.320535365327
T242,136.500188387465,136.794606758467,137.089318137087,137.384306220117,137.679555887209,137.975053104899,138.270784839385,138.566738977161
T243,92.4964907122084,92.4490597445518,92.4016443555182,92.3542436581931,92.3068568286553,92.2594831008777,92.2121217620987,92.1647721486148
T244,51.299389395658,51.0470861381992,50.7949083379166,50.5428542182988,50.2909221314517,50.0391105481264,49.7874180486361,49.535843314573
T245,117.820493465261,117.777154077926,117.73385396068,117.690590401306,117.647360891594,117.604163109795,117.560994904804,117.517854281874
T246,58.2673690869239,58.1937448520828,58.1202060505162,58.0467472553382,57.973363445522,57.9000499710374,57.8268025214193,57.7536170973848
T247,165.43937692666,165.222201407447,165.005030750843,164.787866660605,164.57071071441,164.353564374196,164.136428995558,163.919305836287
T248,130.704643204895,130.626447698959,130.548258453813,130.470075536171,130.391899003379,130.313728904358,130.235565280451,130.157408166177
T249,118.502895148316,118.539998765056,118.577093784838,118.614180781734,118.651260290891,118.688332811612,118.725398810151,118.762458722267
T250,99.7035606597741,99.0565393581299,98.4106629865445,97.7658706054983,97.1221058312987,96.4793164478823,95.8374540566377,95.1964737600348
T251,61.4400667791433,60.8802703387433,60.320749290799,59.7615092918188,59.2025556678653,58.6438934400884,58.085527348131,57.5274618716107
T252,209.871692293575,210.217222199578,210.5626927149,210.908112168657,211.25348828036,211.598828210523,211.944138606486,212.28942564397
T253,99.6376846548424,99.4997726511487,99.3622015971881,99.2249480761377,99.0879904951244,98.95130892015,98.8148849282626,98.6787014749243
T254,236.393776257802,236.108262813356,235.822836091565,235.537492678643,235.252229394879,234.967043276296,234.681931557961,234.396891658758
T255,158.563580786207,158.189406156358,157.815526048029,157.441925877331,157.068592107023,156.695512160666,156.322674344835,155.950067778528
T256,113.991103333678,114.175080260094,114.358995770054,114.542856019571,114.726666719044,114.910433170281,115.094160299997,115.277852690183
T257,91.9866288683383,92.2334558347802,92.4802875403144,92.7271235494404,92.9739636054687,93.2208076075613,93.4676555905409,93.7145077071176
T258,31.4424909849739,31.4011754262591,31.359948279514,31.318803546933,31.2777356947194,31.2367396114824,31.1958105709291,31.1549441983504
T259,62.8041236613148,63.0888973395907,63.373189083654,63.6570439033362,63.9405026387549,64.2236024028448,64.5063769706522,64.7888571225898
T260,63.3987089707953,63.0980569437066,62.797468773217,62.496947909543,62.1964975809187,61.8961208103188,61.5958204307642,61.2955990993452
T261,151.503808943374,151.019361816547,150.534648293252,150.049696924723,149.564534411946,149.079185731291,148.593674251293,148.108021841202
T262,73.9718561851671,73.9177675077148,73.8637075621798,73.8096747165059,73.7556674556109,73.701684371711,73.6477241555624,73.5937855885232
T263,35.2664730291686,35.1903986642011,35.1143143898645,35.0382220709595,34.9621234412534,34.886020113557,34.8099135889447,34.7338052651978
T264,66.0234663522832,66.0330120388319,66.0425431017548,66.0520605895751,66.0615654698299,66.0710586362952,66.0805409154708,66.0900130724114
T265,44.9172658123144,44.8930730511797,44.8689159213177,44.8447921102084,44.8206994816527,44.7966360600715,44.7726000164145,44.7485896554927
T266,184.212449887481,184.937604897059,185.663314050932,186.38955684731,187.116314300027,187.843568814688,188.571304075965,189.299504944934
T267,40.6829108672205,40.6707554964499,40.6586302464095,40.6465329800527,40.6344617272809,40.622414669799,40.6103901275573,40.598386546588
T268,89.8380973671743,89.670361370864,89.5026744722691,89.3350352192408,89.1674422631861,88.9998943509025,88.8323903171399,88.6649290778158
T269,107.298889257118,107.419564556532,107.540259026615,107.660972230348,107.781703763111,107.902453250053,108.023220343708,108.144004721814
T270,97.8688079635596,97.56895155424,97.2692591740733,96.9697248300904,96.6703429608859,96.3711084019002,96.0720163538732,95.7730623541443
T271,77.4553699059325,77.5729414537202,77.6905361762559,77.8081536605292,77.9257935245801,78.0434554149503,78.1611390043664,78.2788439896293
T272,98.9705383959977,98.9658766766719,98.9612087723386,98.9565352274888,98.9518565435611,98.9471731825858,98.9424855704911,98.9377941001059
T273,117.987376186706,117.758864998269,117.530483585861,117.302225757364,117.074085763807,116.846058263484,116.618138289376,116.39032121954
T274,111.289699558079,111.266094346661,111.242497642751,111.218908911764,111.19532765717,111.171753417402,111.148185763045,111.124624294282
T275,138.877982371823,138.85921622708,138.840469322341,138.821740331423,138.803028026957,138.78433127193,138.765649012059,138.746980268894
T276,73.2734469024714,73.2421409925534,73.2108646558083,73.1796159269303,73.1483929861599,73.1171941469115,73.0860178446043,73.0548626265651
T277,39.1362710537889,38.8690155611823,38.6021664299532,38.3357039519586,38.069609871618,37.8038672649136,37.5384604299564,37.273374787869
T278,105.069955846224,105.066429753659,105.062910599205,105.059397888743,105.055891167108,105.052390014529,105.048894043436,105.04540289561
T279,106.567488483175,106.379682861461,106.191869468499,106.004051245248,105.816230917755,105.628411014536,105.440593882372,105.252781700699
T280,120.656675891916,120.738622464842,120.820569254393,120.902516578297,120.984464733282,121.066413996673,121.148364627854,121.230316869606
T281,64.285498295243,64.2524418261541,64.219397466181,64.1863646507727,64.1533428519699,64.1203315755914,64.0873303586719,64.0543387671262
T282,43.4707472656923,43.3546870406132,43.2386140444797,43.1225311966432,43.0064412153948,42.8903466332304,42.7742498108297,42.6581529498702
T283,32.3599780354569,32.011018458315,31.6629834509109,31.3158241481136,30.9694954393061,30.6239556390901,30.2791661914918,29.935091403803
T284,99.9250583295842,100.458430234781,100.992121507722,101.526134249221,102.060470340723,102.59513146359,103.130119116374,103.665434630339
T285,105.661375672379,105.351972815851,105.042889030348,104.734106964355,104.425610545864,104.117384875059,103.80941612728,103.50169146517
T286,105.976056047535,106.01138058862,106.046677108755,106.081947668746,106.117194175107,106.152418393283,106.18762195958,106.22280639194
T287,66.2484716949045,66.1452100609177,66.0420535704242,65.938995544372,65.8360298141414,65.7331506769996,65.6303528559945,65.5276314637897
T288,147.486480795113,147.345176068206,147.203866726612,147.06255345496,146.921236903139,146.779917688479,146.638596397782,146.497273589195
T289,87.1350317095067,86.6923536759615,86.2499966592955,85.8079491826631,85.3662006171119,84.9247411131609,84.4835615386304,84.0426534220809
T290,87.6554239974882,87.4329230080937,87.210442573525,86.9879843933084,86.7655500624634,86.5431410790453,86.3207588510677,86.0984047028626
T291,51.0581913910814,50.7969654129108,50.5357447796782,50.2745361993077,50.0133459151657,49.7521797432977,49.4910431062885,49.2299410640873
T292,95.9384726496478,94.9653400281745,93.9945742403307,93.0260510957254,92.0596557194927,91.0952817562773,90.1328306530271,89.1722110117351
T293,174.630349070109,175.955500609442,177.28105255773,178.607064609502,179.933591480779,181.260683368765,182.588386361933,183.916742806527
T294,61.0765405109408,61.140603226097,61.2046386684276,61.2686491076816,61.3326366482473,61.396603243015,61.4605507059103,61.5244807232418
T295,50.2338246845313,50.2184365426001,50.2030541024215,50.1876770205802,50.1723049782348,50.1569376790942,50.141574847584,50.1262162271831
T296,72.2652749736487,71.9512029977663,71.6373490471461,71.3237057861304,71.0102664032507,70.6970245695577,70.3839744007187,70.071110422497
T297,53.3035067795072,53.2115301689302,53.1196030576415,53.027723037884,52.9358878734432,52.8440954858268,52.7523439417127,52.6606314415317
T298,194.692487433204,195.557806532044,196.423277909279,197.288917457517,198.154739949297,199.020759128003,199.886987790102,200.753437859668
T299,174.556244339043,174.455356336779,174.354484121542,174.253627057325,174.152784551594,174.051956051886,173.95114104272,173.850339042769
