T1,90.6620143374252,94.7947780337721,94.9582068389035,97.978561064156,98.6834272630958,99.6634521786668,100.541023833935,101.212903753703
T2,33.1376689005144,34.7461045946887,36.7154462877856,38.7641399910158,40.5674450834629,42.3719347115662,44.1147326314532,44.926727553887
T3,59.5660238806235,63.7955925612024,66.9347797092708,69.4203845585143,70.9978110319807,69.7275310317457,70.8983319630444,69.8125738553963
T4,93.4810633928781,85.0677592839791,76.2596373063201,71.1884329658098,71.5571589312578,74.4536007100802,76.7998639786628,77.4833359867369
T5,142.878704389289,142.890650019397,145.804192938422,145.50562875697,147.836492776932,148.116367393377,149.389440548912,149.672684251595
T6,66.6720323262127,68.2071801796879,69.4225345440543,67.3053922453719,69.2628671966423,71.7860941589853,72.6716159065975,74.2669639909527
T7,165.528327693365,165.362829107216,168.009677734788,169.747140558543,171.056689375202,170.695831998561,174.139519947062,176.193989139551
T8,35.4646784937046,37.7316967822689,39.3876442071828,40.6026890953089,41.518854996729,42.4858988906536,43.2380789675316,43.8467197605984
T9,46.9080735887041,50.961744914833,56.580805187777,60.2243214491563,64.1087054892235,66.7476933178785,70.1595338224115,71.7941763129594
T10,121.988871464007,119.877018215939,120.919069519015,121.625795566965,124.388663524604,122.490997237442,123.439331196733,124.707007487194
T11,113.861934909679,113.89975146233,114.881166914549,114.569045701142,114.88617728486,114.730346968275,114.90118880037,114.641940301697
T12,71.8276265964413,76.608215606733,79.1747371022577,80.3427148273365,83.2338840902501,85.2326710835707,86.4332655135419,87.8853899932097
T13,93.4826822203781,95.7020037160971,94.3913241940741,91.937328134525,92.3053500202037,92.5300258536638,91.0629689855205,89.4078271218569
T14,35.7705923073418,36.4358783651903,37.3076682216153,37.6461678132297,38.7131330619082,38.5554695715829,39.0781426991951,39.3809959285364
T15,105.539761870034,117.470971980758,123.397017764051,128.156863196377,133.928604789519,138.923743153734,142.104158794862,146.928808584646
T16,220.416410407617,220.941128745329,217.271988219135,216.241329216307,218.236209949169,218.307817210082,217.235334776777,215.542847253535
T17,69.8338190802565,70.3187503712876,71.5018366809518,71.8398705246214,70.8996635315147,68.8455582848767,71.4081510203133,73.6655055113265
T18,51.4186838553554,51.1356815202432,51.6831491821195,51.8624746458862,51.8123197362578,52.104471310169,53.8685088695106,54.1647602957068
T19,53.8816348015357,59.8825276348956,67.7763432720752,67.4635155165899,76.3883154599506,79.9091931896477,87.4811861925313,86.64915527273
T20,182.119971096946,186.168973474677,189.593858811379,192.979514447976,195.758184085498,198.284597525889,199.0501272278,200.529625954623
T21,65.3842498959783,69.1503055316851,72.8193376166441,76.0013787421435,79.2400636284316,81.969174903956,84.4656402498175,86.6415908310378
T22,75.0171010820573,76.5931737453435,77.248450587469,79.4484251576626,80.0685630797866,79.8154677211728,77.9117630237845,80.0029230318229
T23,99.7887164837332,106.681104902025,111.038315189045,114.899435980634,117.78147348651,119.512785369046,119.681961102574,120.632707436846
T24,91.3672550651494,92.5288682799164,99.6248821030903,103.415652886746,114.684922291885,125.189197972227,130.670896945806,138.216679407187
T25,154.149531594877,156.525710600528,162.325405196451,168.760221152653,171.933162186432,172.894763368257,172.737946048951,174.961203187985
T26,94.7124091388896,95.6678673558521,101.785232667585,99.6047312877618,96.9567553931258,100.988759753871,98.8825737629219,90.7287994563166
T27,71.1236629231899,73.1147892304544,74.0308011308855,74.6552416128951,75.3755109726067,75.4271566816199,75.6649631317208,76.1860942263214
T28,77.4959337065108,80.6697968434081,81.9297415897875,83.5792616735414,85.4501196089068,86.5137170988381,87.1507525934517,87.4985637887324
T29,38.9684215072014,42.2475242688175,43.3042556822914,44.5608425393294,44.5152048602092,44.6610109756846,44.3847549304873,44.4915055826354
T30,84.5388728918625,88.9000712823062,93.4885522821017,97.2046393336143,102.218936286489,107.934227923353,111.120798496137,114.159121932449
T31,89.9493971507391,82.3940554864085,86.134957134999,81.3009852945969,81.5093543410949,81.9976037531274,86.3837291037232,83.2133105649596
T32,148.079090795115,156.283796967618,144.174184910574,143.298446537772,141.257806990558,152.662150929505,144.931777869623,143.573043019833
T33,96.1526899389373,98.061442386557,101.664410714556,103.789518749684,108.080651033122,111.13063457035,114.67015552053,118.470763591128
T34,170.536429354304,191.180798635101,179.94249706501,183.847052647496,190.769927518675,189.721992738986,187.712552596531,193.086904301284
T35,59.829611984774,60.9904147961333,62.0245709500667,62.9820488174072,64.0643207801482,64.8587486765157,65.6173853195662,66.2643986520112
T36,78.4932398276387,80.9542769458974,81.9770926036777,81.8335089821359,82.4147272517176,82.6431744404068,82.6152552733217,82.6141278896276
T37,76.0033950932268,81.9233014276489,87.7858082870241,91.4975011364449,93.2203163504527,95.6239659055036,99.4452232854624,101.057068413265
T38,74.4956964512369,76.8368824450444,80.9990356345149,83.5647078598071,85.4942972082345,88.230088119527,89.7966279075334,91.7946359431953
T39,63.1857413240497,65.205861053239,67.5139382022388,69.2883258121805,71.1083692941696,73.0556905071472,74.1910836999971,75.1446283695208
T40,73.9827997568924,74.796943222949,75.6765375336701,76.0775122907302,76.542517829129,77.393418748165,77.5752224549309,78.2516225660981
T41,127.127710951363,127.775047807527,129.383987755134,129.65560511426,129.529989345096,131.977693389806,136.694645333169,142.039159175916
T42,57.7833403098191,59.8635893612047,60.3065628170125,60.6305198304379,60.5340955882513,60.2260250941677,60.8765838807601,60.8941792163415
T43,61.5912609376642,56.4987540595963,57.5089757592871,61.7334066470238,70.2750682773666,69.7284341504656,72.6318101039162,73.8608343947231
T44,59.1393428989988,64.4049054009034,66.0725079888773,66.7543815668269,66.2928220769668,65.4064248018817,65.3757233225791,66.9295357464675
T45,156.177683194146,157.646720933314,157.446960949927,158.83286080456,161.076265167268,161.043250504387,161.322847075992,162.160474142961
T46,88.1921047466374,95.3341177109555,93.8740312674416,89.8071889301047,94.9453173270143,94.6828986066064,95.5139912849822,92.9871780031909
T47,65.5474518443096,65.6516380573825,65.661083431383,65.7454548496302,65.966825130404,66.2473296476923,66.604099159616,66.8346249873992
T48,81.8595962938844,80.7078157161588,85.1688895582108,85.96561503459,88.5409534862872,91.5609900579891,93.6074973769958,94.2727823502319
T49,47.4960242146379,47.8302810107908,48.50158053291,48.8046361499328,49.3655503369169,49.6752576707593,50.038431774596,50.3094179564697
T50,87.1700517506188,95.8750062254443,90.5450924217651,82.5152481840512,86.3957010425355,92.34479878955,95.17835558153,93.9733530303135
T51,88.3804124442284,90.8505996766162,90.9689302399475,92.7703542440987,92.995495147965,95.5551323901765,95.9738368113503,96.989541672901
T52,64.8637926214378,62.4880701141115,65.5596195867349,63.7263247243717,62.8508468975532,63.6345625208479,63.0513714312454,63.8300320414581
T53,113.352140627352,117.173595768595,121.319908728964,125.929062357394,125.09679200257,125.926677818127,126.631023866357,127.480528892873
T54,146.226067129563,149.475493448241,151.670855162314,152.967432193205,156.836243952701,157.613398491338,158.754673698426,160.485424726092
T55,161.798187066351,164.902697840937,165.107572659156,166.127080469796,168.079770883051,168.793900210031,170.554932098613,171.260759806089
T56,94.3621016227928,95.3183568390072,97.561277472879,93.6947884301485,98.3136287687989,92.970699485926,97.9139232479022,90.0696527193699
T57,202.559403790089,204.548773878729,199.82617755179,202.52538167357,204.114696491524,202.622804721536,201.477537071767,199.801728773406
T58,102.563260043673,106.406027849037,110.531063066122,113.175205982006,116.23164223287,118.059244368909,119.418743189589,120.198970909812
T59,63.3268754590427,67.4452889039384,69.8023107855683,71.9209726546484,74.4579179006643,76.166185377182,77.5558773609723,78.7728475885936
T60,140.100598082078,154.055382691223,165.147265724898,170.008774050882,170.306265060577,169.746838838595,169.591758295733,168.424807039327
T61,189.001963045628,190.380060347413,186.004089961114,186.098547613123,187.887765795899,190.082562532878,188.352586256631,189.504528178988
T62,119.893986280737,123.613487178997,125.340970162591,125.829183123992,128.213433161028,128.610624889339,131.344566121529,132.148251955141
T63,57.1133583452352,58.0950793881185,58.4171526794082,59.47092382524,60.3391557122524,61.2586727528044,62.0173154707295,62.6525708885428
T64,112.661611776363,115.960763543575,116.553939521449,119.795394615552,125.510921706564,130.477452424436,136.95428135001,144.340524504155
T65,55.6271586815049,52.0012534564439,50.9145530022871,51.1450405681996,49.4206208471012,50.4726536246615,51.1606261269882,51.9747281777301
T66,117.394811536869,119.354303778325,119.536238530217,114.835330356266,116.146262896858,117.334854223609,116.544045891394,115.381112911005
T67,113.256509786198,113.934981040538,114.25773060581,115.321696105604,115.272631616908,115.480495479445,114.170614945681,113.934773003998
T68,135.593681809714,135.170765055596,134.763689336887,134.651098990647,135.004954784542,135.715083887786,136.043588297287,136.550644844803
T69,135.374812015439,140.670686722345,143.90940816086,144.54627164968,149.87051400476,151.000025038209,150.589530799946,153.173745228195
T70,97.3156410969541,92.9212981502049,91.5990190588662,90.2314425577155,89.0623578038295,84.6821833898592,81.6544460580592,78.4093410798119
T71,76.651195387166,77.4374003829848,79.0399377728222,81.2660370530768,84.1392171537411,86.8351894214992,90.6215576466995,93.0413485708437
T72,72.1215307957157,70.710870681268,70.7685575871391,71.5049400264816,71.7254513041438,71.8815297168156,72.3461531421526,71.8232404594434
T73,89.4420852276025,93.746630412368,97.040126962617,95.2337813908915,93.9203742651207,91.9753498254019,94.5177153129489,97.555907742559
T74,154.592312032918,155.62964870435,154.384932872467,154.768476026962,154.915820149887,155.207068357913,154.622774949918,154.877267342478
T75,87.0628048794285,88.3663101745416,90.0834760866104,91.3932798369952,92.5215646562848,92.8003815066879,93.5632110416182,94.6539464312857
T76,54.165804306005,55.2979661882735,56.2715611636125,53.5823868455542,51.5919864980286,51.9417657610357,53.1615636891374,55.2492819571954
T77,114.234723068284,115.496791176999,116.745446295885,117.355311830236,115.958269810359,118.107224676307,117.624003358434,117.316326033581
T78,95.4388372781989,98.8778331947808,103.250523350641,105.981709498965,108.459258133552,110.701560573398,112.11267047248,115.650299155151
T79,140.059355837705,140.539018488937,144.643925583708,145.355324656869,147.440426370512,149.392204736077,150.464512398765,150.512969470026
T80,77.4317325271619,73.7420108457838,70.0257857823514,68.867367927184,68.3393413554308,66.495376924865,64.8889771209824,63.8532736590265
T81,186.562620483245,190.136977284512,194.31771900029,196.992583754999,206.723891526317,212.029666643876,219.444744455974,211.130724207399
T82,42.6580892352002,45.538127092373,44.4207731251777,44.2168419400881,45.3554890204203,47.4367678310979,46.8793936108698,47.9957394753674
T83,161.443514876568,160.807308378809,158.802940423264,156.53707237998,155.443025993627,154.824206144436,154.545608208687,153.377465749541
T84,120.42545293061,122.385571760795,124.693969878561,129.353107894427,131.080863039717,133.358128362532,131.599771747462,132.130638029901
T85,99.0699786199814,100.250994152856,106.158437923515,113.129610694248,113.828219266066,117.637791488512,120.431815836551,121.049769800392
T86,52.0158130359226,51.6548332753584,51.1390225903773,50.9337068135078,50.7743993888578,50.6124475768251,50.4684403634784,50.3578428618557
T87,51.5622337139344,51.7907270453595,51.8864281676278,51.6773227230738,52.6849414276996,52.7397260028728,52.5829235391328,52.9329027237986
T88,155.150342102164,156.255795557347,156.079411531423,153.90335275351,153.141734357916,152.42417267872,152.97978733608,154.096394320927
T89,70.433754118094,76.478601089965,73.5476162262861,69.2607028677827,69.5269150852027,74.0798572636435,79.6834440685256,81.1189215917975
T90,191.838187464569,188.449266554177,188.378822096471,188.421324757414,190.107653397616,190.708763790735,190.441936149311,188.837337723056
T91,78.9201533150366,83.53551916795,86.6023911840935,91.1962990934398,95.7815184587939,99.6367276410637,104.387285367055,108.153562677668
T92,94.0597782760333,98.5015984317856,100.107474565395,99.1952568018412,98.5500454973046,103.769872286538,105.09069879271,104.593999753078
T93,145.666120792103,148.58442109266,149.410414810875,150.901444149271,151.078826881644,153.799683332625,151.226749207357,151.018173402562
T94,106.19098325319,110.148634647308,119.068906332331,121.27977235642,126.038846047906,126.256951092329,128.523555118939,132.581262610076
T95,148.783273160979,157.900739338408,166.723063846305,174.444029951161,182.631151400573,190.024171032535,196.822757266402,204.351664507764
T96,89.7313502462525,88.633195593142,89.5367004533256,90.1624091076617,89.3313793547654,88.6284958857025,88.830288579916,88.5271820597979
T97,157.297546708932,155.123015684315,153.234296262431,152.178610574299,151.114250516614,150.647768755432,149.954099736012,148.994947997242
T98,66.2401565038874,60.3324262079847,58.1160582507812,55.996369618314,55.1435494075006,54.8034010987387,55.1289188209918,55.231344539641
T99,117.321697775324,121.180074403533,124.398507267675,126.708115089988,129.268106210806,131.37154377265,132.348805897936,134.483903772741
T100,77.155423748785,76.3383787035142,79.9097864615253,80.4838863101093,81.0566565408357,82.5737152544873,81.5665848979285,83.5052345861861
T101,119.954111712089,120.498851470974,121.394226546668,125.043314732605,129.399326177635,130.743571190212,130.540154674661,130.812096096434
T102,89.5261215197433,91.8443691673737,97.7826970988931,96.3315932058574,97.076852512768,97.0205577272345,96.2064687440241,94.2574419665947
T103,240.205799991244,255.121261068794,264.83878115486,269.886033516307,271.228957654907,273.135109592973,273.380088025844,273.358414606453
T104,97.4150816443902,99.0362266043354,101.002224341381,102.937431006243,104.406026004698,106.410459015896,107.9917275465,109.345058136376
T105,80.752470727485,86.150493161746,91.0593223190135,93.2985293797159,97.0666970835946,100.474766640751,101.627508168343,102.561955607798
T106,103.928631166326,105.361045038048,106.627943615403,104.082164850703,103.299658010202,103.358354625735,104.196695422856,104.310273491121
T107,76.7156531800055,78.8585110846954,84.8333570716475,82.3134703095686,85.4327198556225,87.7188066313945,96.7279365721591,94.3483221829621
T108,219.043453273764,205.692089591844,206.84052790088,210.959015468902,210.690438188803,207.956638117316,206.509788821909,208.092549736236
T109,78.2664486677551,80.7536494678205,82.903740767471,82.9463950225245,82.6620229887193,82.8585349971628,83.0806834623295,83.7888441134837
T110,86.9733532136622,81.2862564795447,76.5974128432263,74.7378204451694,73.9383290463782,73.4686975115998,69.2018392036006,71.1426091030692
T111,104.704873707976,103.369694761954,102.559233298605,101.727084868241,100.275311866573,99.7265194030523,100.305598034543,100.404536686813
T112,106.89777574021,107.045904351096,109.278345139822,112.226767835588,110.586202025045,110.005261317314,111.710396420165,110.395971328646
T113,168.853718857647,171.771595346411,179.899245629966,181.030326228285,190.442738967938,190.692510935762,192.137334736301,190.383061627
T114,65.5747980859233,70.3828439836495,73.1232427101549,74.0073107619008,72.4479445000381,73.6190704857369,73.6075639919636,75.4460463168717
T115,104.118937713124,101.978355723745,102.994890014573,102.448117292799,102.389636549369,101.993091162119,102.362587357411,102.696062419458
T116,52.7853107961179,52.3832554215412,53.5902260980795,54.4629545112596,54.9376700884361,55.0047752247462,55.796771468208,55.439000735128
T117,107.279803288978,107.182062553431,106.546884454089,104.581887204151,105.19156286608,104.436789480499,103.39110680956,103.200965894881
T118,91.6041228971977,92.6184425602256,94.8688949997965,96.0177757576346,95.1342773859988,94.3291767526619,96.0085578438699,95.3792007147455
T119,65.3408564794576,66.1489217141283,70.1083550605709,69.2905185646518,73.645877514417,81.6485034103534,82.1808629925977,81.2670573657585
T120,91.0648350258334,90.857955241854,89.9218429422547,89.4642439747006,85.7239087096872,83.0773949401979,82.3150159448676,82.6834959349921
T121,99.8497462781903,100.724599031698,101.868794508263,102.399549607101,103.547371502575,104.182967919689,104.804533645895,105.140018239973
T122,52.1543004668864,53.3242944969259,52.8510908825931,53.4095270709023,53.7593397525614,53.6050893049744,54.1434403084958,54.4965258216254
T123,92.5078518408538,92.1735782981421,93.8417563429691,96.5863384826997,98.7295419420133,98.0518019858808,98.6774663057103,103.229619731625
T124,119.313086941152,122.44392406588,125.692959516415,128.956473572563,130.790638438372,132.021990528068,132.496103568422,132.936812739528
T125,74.6122569432712,76.539985510734,79.8234739370912,82.0282235385038,83.13383748728,84.5317353135783,84.8093142692659,85.2856685484566
T126,92.5439342526562,96.804272564278,96.3307881833378,96.1707294009074,98.0441265965052,98.4384384387205,98.5623169664006,98.9437511783729
T127,111.125522251027,111.883121188139,113.609319326921,114.049498779124,115.44508105824,115.35176084634,116.243045761736,116.630100459333
T128,118.183097437892,124.574956861836,134.190014455188,142.075927586204,144.249636968577,148.674029956663,150.230352924961,152.387547766781
T129,66.6145299823407,72.7063512811968,72.8676119335511,72.9157190889774,71.503513829777,70.7986470111576,69.6654074151771,70.6248961880188
T130,171.01367649935,181.042725054006,189.648421561853,197.188309896517,202.543312405126,207.155976516021,211.935025322335,215.850570209352
T131,68.6483260654283,70.1701730248089,69.9779106457556,70.4487441548329,70.7007899825682,70.7790928357176,70.899128556213,70.9194984995074
T132,79.472263445318,83.0246720635624,85.0398563476034,86.9534180978782,87.7480648665686,88.5070427797208,89.2126070442006,88.9456790926144
T133,185.484551057105,202.729921529858,216.155778876453,229.521303500564,242.155757960218,253.810218474387,264.691950922648,273.678517144844
T134,71.6878979336724,72.1750172138213,72.616988957894,72.7417107995998,73.0107253757612,73.4099931259773,73.7885680642108,74.0570070222621
T135,72.6430643972336,74.1812482320433,75.0705540081293,75.5613201122275,75.9430278368339,76.2348853269628,76.5118441289083,76.7116744954562
T136,121.714635361481,124.135996830785,127.063060612258,124.134606127681,127.738979807098,130.2017302613,131.945263025793,127.779189143354
T137,33.7785754566822,35.6318244457175,58.9856038803709,66.8155608611927,88.1147642678075,98.0308129047066,108.057979788776,112.100062834237
T138,174.660745194945,176.960729666783,178.117882441473,178.972748855348,178.739695651832,177.565152666757,176.392315617662,175.526055759384
T139,38.0390933827476,39.1764368039032,40.5854718648752,41.8429217363248,43.166836116416,44.4322094218866,45.6651050134227,46.5630218402609
T140,235.224650482343,235.469692856649,236.089659890734,242.991656876773,247.686283087185,245.782416555155,252.458431452445,252.22159150532
T141,83.7538741740868,84.1345992294294,82.0724869794261,82.7082411794332,82.0458015477525,82.8385937934465,81.5529622901168,82.6460990836776
T142,110.539459283208,125.162881812781,125.488881307172,126.399168750417,131.650820977735,136.860418363097,140.379884534728,142.019432412359
T143,73.5087586065761,73.6506756011269,74.2976212231185,75.3999960043566,76.932527470676,77.18123319006,78.0011965688411,77.682922654327
T144,156.313792577738,160.436507791714,165.071419294687,169.27057611679,172.233723688469,173.413599488428,172.982328757963,174.149273402531
T145,33.8765559965808,35.3235081933096,30.6835691148354,29.6730424838918,28.8368049635434,28.3928342113526,27.8331644219575,27.2178787543988
T146,179.680408111023,185.872571207013,192.764878394497,199.382306195475,207.593456488902,213.788268485701,219.641981922292,222.535806463898
T147,125.215872642561,128.697926621297,129.354167859232,133.9349169418,135.200003795132,134.32110420888,133.729618850783,133.987820134578
T148,136.969815863314,138.684291419088,136.061514940234,139.626968855699,141.299423767673,140.828411703328,139.880898044447,142.424241352243
T149,39.2885611749177,39.7611999432247,39.8473692414246,39.5250461179928,39.724735871736,39.9731244121386,39.9826056199426,40.0255313633073
T150,87.1074254949093,85.2729133153739,85.3826924570791,84.8178950571855,85.4391167143211,84.8668388050658,85.078707107698,84.3941810528714
T151,169.404638810298,185.791165618788,192.546283748101,198.907439438916,207.344366677014,210.598434097297,209.874173648796,218.824603707267
T152,61.7392700006768,62.7811246078575,64.3425642289746,64.987212926122,65.4883693115323,65.1504174666421,65.2689813764722,65.8354493493511
T153,83.4477223623075,83.393140937767,82.6151751744483,82.8165942269054,82.3016412767815,82.1085131816737,82.5092327544952,81.9886315944372
T154,41.0284952623975,41.2359488288589,41.4142039885508,41.5333867070122,41.495749061484,41.5639275452402,41.6570283411333,41.8259403413762
T155,137.155900899548,139.176590315043,139.92116321002,140.504008086993,143.46841381564,145.30526797338,147.012208641318,147.621104678757
T156,143.207920115048,146.982528091617,148.005075596455,150.271018737294,153.632020004067,156.467285199011,157.241846299553,159.480899560684
T157,142.285246249577,141.089422068236,140.795349724929,141.363191318382,141.409273378093,141.998535898184,141.237612640983,140.56054615666
T158,127.346142424983,124.855346997694,109.394751897367,114.178392228595,103.861475586081,108.643932075165,113.958972799673,103.920153850885
T159,127.466467110449,130.301973572864,132.729329945096,130.392347021508,133.879046411963,133.249727470782,139.840269408397,141.805136759443
T160,113.510470357505,120.121328115455,123.986474476763,127.394012744844,132.18614802916,137.066944701753,140.714917298781,144.333852374141
T161,61.0351598527509,62.3430993528196,65.0518788497032,66.9560192806702,68.4302391675702,69.3728056101411,70.9291704719052,71.8858043300359
T162,57.108896650128,56.6005304103064,56.5499518036154,55.7622401474126,56.1470466074212,55.8505168129327,55.7183916413546,55.818575999503
T163,63.888178629501,63.9232852465773,63.8176665687014,63.4426174007705,63.1722572146814,63.0169179824741,63.1215719681837,63.3698845698222
T164,56.4807323987433,58.2858697349014,60.4003612663403,62.2346888554647,63.6727607249006,64.9961598264952,66.1718333123049,67.4012491916584
T165,168.484901616473,174.662448274898,170.280876891361,168.1155424903,176.847877944684,160.17829417916,172.8591291679,170.271346577879
T166,88.0109135115443,90.2545605402238,92.7906285396485,93.6536219968134,94.6862523108639,95.7328984688056,96.7225781160635,98.1929134658167
T167,61.067935284134,61.0596459932798,61.2191376498484,61.5138734978265,61.705647086036,62.0844511430333,62.6009307541591,62.7372781420011
T168,57.1890327619964,58.1634682211592,58.9155076202458,59.2537550108851,60.0457922020395,60.8023394097789,61.8196346992661,62.4414634385709
T169,100.218512895327,102.81175143227,104.723963775291,106.517534995946,107.929417820565,109.430073783239,109.57470000483,110.203913713985
T170,44.9606080444358,47.9322294237174,49.2635796066448,49.8254389958703,50.772036857184,50.5950213082441,51.1677209381265,51.2666598711948
T171,89.2982110371837,94.3186170752118,96.1066013909299,95.0209224653992,95.4666204970296,95.8180065653922,97.8568580594116,97.2887532551052
T172,88.1672699983013,91.7384467945574,94.2553070433635,98.1389316054022,99.5415979768473,100.916872218109,104.359086949551,104.860100227772
T173,59.2477185968511,61.9177272667201,62.6549535863463,64.2072747552024,65.9109162533114,67.4540775658446,68.1147523920009,69.6143314861329
T174,128.251700042033,137.954908831478,144.436108824332,147.405532057223,146.645562628503,146.600527616639,148.051173808711,154.290758850504
T175,60.2879362084301,68.1770605122132,68.1607649793947,65.4207014068009,66.0973378257563,68.0624590209554,72.7997361539522,76.1674051968988
T176,76.9438803975389,79.1939859118666,77.6694069826906,78.4886119714545,82.7857076937302,82.2742421493415,80.471207788163,83.0384337210543
T177,63.9681356421608,63.4197720334042,65.243779125784,66.3400306058731,66.7689141240027,66.580494803896,66.5971800693563,68.6666787594072
T178,77.0135897103102,81.3678922870751,83.3879347692882,85.855753338115,87.7891666393895,89.7815959394818,91.5223583754911,92.4022926113023
T179,66.575679049417,70.0698633796262,73.819717802268,76.8280461305183,81.5774870482581,85.1966635437224,88.4125518555724,92.6884575504778
T180,156.007750332021,152.042301533323,153.75116858956,153.130517199633,154.035168464766,153.124032188311,153.265462045545,154.198308237972
T181,78.9425132344718,77.7600809737213,80.5269645105635,78.8824654704251,80.3883150579607,80.1722196291592,81.175435770576,81.1290436961714
T182,82.0732328759275,82.8253034398354,83.7029616478096,84.4402625576855,84.0782588608685,85.1011970448741,85.5164896565359,85.8236866359911
T183,48.690134986784,51.4542410989475,54.0976181610067,56.5050283855295,58.725143948449,61.1495908666085,63.2968989061518,65.1128470623444
T184,149.333965568038,147.951305424805,150.285430771068,156.129594017457,154.62103179663,154.246464589178,150.252754379214,146.094297306017
T185,46.9281470327144,47.0629663232307,47.105925222608,47.3275221632222,47.1212763074631,47.3035867592987,47.4386879632416,47.2530036881464
T186,43.6376918670859,43.9733168111396,44.3969889284046,44.4321610177441,45.0777270338075,45.563446852314,45.852263181574,46.2653408120915
T187,80.8132126108926,81.5820388132412,82.9004672093109,83.0471569398765,84.2953460418329,84.4570297775686,85.2993171304861,85.5948490663939
T188,100.331070030404,100.56239297283,100.725609269501,100.91881227861,100.947044508227,100.944078349684,100.821071963265,100.803692818216
T189,115.755767791487,118.135109316209,120.604626253477,125.420606784267,128.039015355584,128.656619088977,130.375187999549,132.791736319434
T190,196.450349736901,198.069439840914,197.662143002564,199.364574063867,200.514733533747,202.435469150982,203.080585280217,204.783310045401
T191,100.655000931071,108.049416211406,115.293254149136,122.240415976593,129.418565993464,136.875605971157,144.446925260367,151.364859020353
T192,107.970629150514,112.418683416369,114.29713084313,114.908956918289,119.981263259016,119.107618523611,120.10648385928,121.231213277273
T193,71.9905951067904,75.2261660185006,79.557045381258,84.1668531946505,88.7799206089435,93.6759458333105,97.9730447894725,101.867042241454
T194,113.386551069158,116.30052548587,117.872685384655,119.553876976255,119.071400917215,121.344535781816,123.025412439866,122.5156091936
T195,89.5397217261303,90.4429765274978,89.6818541495588,89.7905903773648,90.2569145560437,90.6850074787897,90.8068500214552,90.6899281106417
T196,78.9742817345463,77.9199365505404,87.8601757908831,85.6525253781907,92.8107275522038,91.3835067075489,95.1625454495832,96.738555617205
T197,99.404083430096,98.3203837435331,97.9994277267587,94.734060231898,95.0367916331961,89.5700226681535,79.7931401366845,80.9249059240342
T198,96.0669797624456,121.643031391022,111.639277513371,111.180875141224,113.801771129584,112.621968184025,109.842796283375,109.675221155964
T199,121.622346443053,129.056603077341,134.843197100468,141.004548422015,147.650071904742,154.854451268728,160.111941027731,165.146994417287
T200,122.741894374384,129.433594694931,127.832706065973,127.360897272569,126.079436560552,129.51096913015,123.511158508093,126.117556899155
T201,47.1888857025802,48.9999837421103,50.7085296400934,52.9142827755601,55.036472905891,56.0602833982259,57.929417391839,58.4843846315571
T202,112.553094553275,117.860658281582,124.201718291564,134.33894373597,141.575393534199,147.049995389506,150.746926433382,153.969559187974
T203,94.3109368635812,95.8271053211394,95.8228634244776,96.6431268394409,96.4170820450667,97.0282499076435,96.7503401979092,97.0432010644829
T204,64.3703875541329,64.1266364324742,64.4104452345545,65.8454073647106,64.7160032856864,65.027883440672,64.2578632592238,64.8995642061813
T205,118.89841112719,123.130388044513,125.900790144706,129.106530090678,131.270395663367,133.691369064261,135.614187261458,137.06856589868
T206,147.129251374983,157.438121737099,164.834153952862,171.241645108683,173.06908978326,175.499482972791,172.597947435654,175.447234068895
T207,72.3996531742669,75.3091493497686,77.1419910054736,78.6404336260942,79.2915485243412,79.3213275635386,79.4953080782304,79.9116957657533
T208,97.7038151726721,100.346637482194,102.373734769174,104.613678485123,105.529360075771,106.543876865858,107.846703357492,108.880151916861
T209,78.4336331473696,81.4823682237998,82.6780865620096,84.3566788130651,83.9079971020286,86.126306305616,84.9671392538983,85.9433884161721
T210,103.595576445567,101.178022880406,97.1026385689966,92.6583304900087,91.2852478162378,92.954344337388,94.135710096604,93.7915799516075
T211,157.63620867805,159.795387554296,170.624888340335,164.955034603466,171.205276849543,169.399009384162,174.449387567331,174.943067566637
T212,85.8191283038441,86.5199383949891,87.1616237966151,87.014400835194,86.6745740157764,86.5963247425074,87.3826199359158,87.9161586583545
T213,76.7641102798942,76.3356042721775,76.3173598305527,75.8403650163079,75.2024908630848,75.8850546901653,75.9875771262476,76.2903613613914
T214,84.5287258800279,86.2443514658068,86.9843248813946,87.3222163898843,87.199216441202,87.6099814729062,88.3191272720626,88.8831859273672
T215,67.5029902596351,68.1539519847729,69.1649458800453,68.4093445897156,68.4767678066504,68.7464854141901,67.7015706187899,67.8060361188034
T216,86.6224429838322,90.1995890332285,97.2358095802564,102.027049134079,105.535118608912,110.005204808901,112.729387591455,115.651665007333
T217,75.5339950319858,81.9271992660388,80.7518468276888,84.0863254039944,85.4878506570139,87.9871389316687,87.7513907865533,88.4474825656144
T218,44.7310309566688,45.2433770856845,45.9886134472528,46.0643917740394,46.7790826638268,47.6235165636269,48.2335359016952,48.6490105785379
T219,112.88417318504,116.22953183159,119.140227354674,123.306902346371,128.584066290742,130.295172755783,130.181208699778,129.324775940468
T220,87.2112325140913,92.2060405503317,95.5514239830609,101.55057128075,105.501482290776,108.260199625046,112.382418497031,116.06283989908
T221,111.90104322196,108.06147887675,109.694218521645,110.081996142028,108.203578421733,109.799775893648,109.232825835271,109.358250640451
T222,71.1219359964022,75.4165429865624,78.2231927129359,81.0808954352713,85.3930063890879,88.6351161020713,90.5474036466245,93.1570210047697
T223,55.1538520868518,57.485942075918,59.1129342670781,60.7703620334087,62.5047698721532,64.1241565121939,65.5273842476081,66.8168919833053
T224,104.663696888641,109.049065052376,112.849667935748,104.905941529167,108.591268432857,109.492662875588,109.641856011572,105.471800856396
T225,87.305485708573,90.9886692206547,93.4721954933265,95.3531777849371,96.2396741449002,97.5160540772489,98.0831774382608,98.0464898730319
T226,41.5710063833195,43.8747415817896,44.6044685296808,43.8527941084872,44.0643851085424,44.7218034605869,44.8388588117797,44.7192845654432
T227,224.350576074521,223.742699400441,222.888113246352,232.467626944618,230.311210075108,230.037668246458,223.051124458253,227.232824833375
T228,90.8906619230481,97.5468723189928,94.915708158422,94.3184457847117,93.019340285027,93.2764557148145,92.4968676184071,91.1126495344998
T229,118.634089626119,119.319505685795,123.334480777066,125.754284866452,129.987665960877,128.060747742755,134.171426047931,135.555414858698
T230,97.8435201273682,101.104698880979,105.88007842486,105.866549964707,105.612426042798,108.436881175976,109.032448448371,110.20139336453
T231,98.4231470008886,100.378280230542,101.558140463818,101.873574009936,102.436312411715,102.767547807299,103.638939127919,103.557550027765
T232,75.4763701127771,76.6850360899108,77.5354922097747,78.5741168841245,78.9064433564177,79.1639240128908,79.2521987302061,79.4348063432918
T233,82.7576233721006,90.4225283377708,90.0241877828144,93.6668308505458,93.0065430379007,95.1995923127515,94.9085403821879,93.9739990605339
T234,52.5859493460868,54.8908148369233,56.8773233813482,58.0326939055892,59.2078250011313,60.7299984545026,62.2369723400714,63.2830864323544
T235,104.553581906266,98.8635849331354,96.464279216565,93.622276616872,91.8561187029382,90.7435908172503,91.1810441290786,91.4028410496846
T236,57.7096070052084,59.2540277630514,60.3028558049833,61.8353050375732,63.5792090539742,66.0599023044589,68.9580589985286,70.1239279915328
T237,111.053215621599,111.708815628723,110.323482270937,111.663814675542,110.04280401126,110.408171363426,109.484573454658,109.105288742255
T238,61.8417200041407,64.5240444972798,64.7034503863278,63.9381346708561,64.0272275345718,64.3131069778793,64.9606169818113,65.3575250942558
T239,71.855585731707,72.221930636153,72.5944560877984,72.4586038243784,74.35926303893,75.761028248766,76.1071989878739,76.2485812098898
T240,99.8374777268696,100.313483492427,103.234296034906,104.722118710931,105.846246379439,107.116729917307,105.610824419843,105.078340502958
T241,144.379261352678,148.307046386316,156.167977961973,162.806097348643,166.246303804063,174.092364325407,181.068298429414,184.733540484982
T242,118.643458839801,117.366428219829,118.107132115159,129.864386678501,133.409572221959,136.123937846419,134.687796223571,136.687244396117
T243,95.4089311256525,94.9194595759313,95.2117987559654,95.5521496604168,95.089416961816,96.1132233413924,95.9914628085907,95.7470094139516
T244,60.1873594404682,62.1843895928377,63.1563576349977,64.942499613012,64.7136758492227,65.279163605293,65.3616836438661,65.9557704041417
T245,135.560399095625,137.416188936013,138.410405849552,144.567515747946,143.023396785492,147.271835677448,147.847677821601,150.553440841949
T246,63.1449147323955,63.4225248982332,65.2521445882933,65.3514804491111,65.9733700445361,66.5781727864101,66.7109746431078,67.3123244665936
T247,176.912964558734,177.618609905707,179.987773351793,181.220269001865,178.950365252924,178.916181019241,179.780037796872,180.625517987171
T248,133.611076116671,137.956062376653,138.766327713562,138.608044352043,142.157380660574,141.516956874989,141.385583466413,142.555109545919
T249,127.598989882599,131.284527067006,132.299425063344,132.448735708746,133.668825294597,134.701727088228,135.427239880961,135.701599850161
T250,132.807498689036,144.342095909471,151.974854675179,155.835667608588,160.876857602581,166.719037686777,172.649483402672,177.05943890087
T251,66.1904808826583,67.1593441285607,68.0707856277433,69.0663483021687,70.0852958075244,70.6760057242625,71.4503908637263,71.9865235254728
T252,203.330697864885,204.085619003024,209.764526107767,202.087487767234,194.161564280261,194.49864393177,193.834050166825,191.734876910203
T253,142.055438631233,155.15136985944,164.651990834828,162.496219048594,168.317570361991,170.437828304394,176.531251315416,181.840557365514
T254,241.29959153533,244.577180632457,248.298234621066,251.457002282909,252.186984344368,252.526101264797,251.11772558475,249.389208485226
T255,175.182588398068,180.186746112455,186.008695988702,191.560352469512,194.963685313189,196.577676500209,199.822072810127,201.651730823346
T256,123.381159799787,125.233031896019,125.851897414552,126.096689736418,126.653534047769,126.547922436685,126.558842150108,125.892157179756
T257,95.4181564730936,90.9706568825751,91.9527560293004,88.8302444201608,88.3266400370084,84.2080140143425,85.7556480402356,81.5245975475864
T258,36.9822517747977,39.6684881627871,40.6665803260492,42.2618852946895,43.617772522442,44.9961646142455,46.656320673618,47.3774248456125
T259,73.0529288771035,85.8887028775441,56.5624667861506,58.8498864090916,83.6903545804458,90.289944831527,86.2694700777606,70.4767030630324
T260,71.5455986779701,74.1569568241637,77.3303709379423,79.4891236254543,80.4555035726868,81.6019457256127,84.2199949175049,85.869248834776
T261,142.030225893054,138.593501040399,145.617984126125,144.542876410746,143.195585188576,132.142038297231,128.903860444823,130.097462595747
T262,76.3091411111811,78.8355742480141,81.6496220859437,83.4853181862488,84.7137127063808,85.9696191459808,87.4675214772149,88.7339985856668
T263,36.6573843911762,36.3420305052645,36.3370384201544,36.3107678816641,36.2296560088539,36.2121219475877,36.2715895808985,36.10218762297
T264,77.4617341236601,83.5552819291092,86.193756612599,85.6091331169788,90.0695151087171,91.5997629136422,91.3057709699629,91.931616089031
T265,49.4372115408147,50.5801184116439,53.3569027953974,53.3577996860656,55.2795401263061,55.5380944755405,56.4714027632311,57.228604941112
T266,169.34775372576,165.842243130727,165.480549576428,165.889458044414,164.220944510389,161.297618150267,157.617614532855,155.898018053082
T267,52.8958942108516,57.5204283452911,62.7961418345411,67.848435446435,71.8192627696683,73.9833565596779,74.827431390012,74.4336399175127
T268,94.5285499126113,98.0546201236067,99.5578197296018,100.727359679837,99.8099827799349,101.482602219238,102.149027504838,101.270677754032
T269,102.004589902754,100.123213199751,98.6410976205799,99.2394917321464,99.7530430212856,100.50779964651,100.815870790219,100.504690198406
T270,108.280473664234,112.167637000153,114.204068791946,116.788738221999,118.928630815984,118.92388068519,121.210775513041,122.400952646691
T271,72.7664899692508,72.4558391740159,71.0010842643956,70.8094702247285,70.473971161043,69.6649294333601,69.0912340010996,69.1473421916616
T272,93.6556782822915,94.6320759260889,95.5385382548748,94.2548913951151,92.6729447102522,92.0495481008388,89.3113720745856,86.0125350087637
T273,127.633989664698,128.657470691344,131.500755367179,133.650413316316,135.872372375437,137.291202714988,138.33870602048,139.511673402414
T274,106.18477651215,109.140040114851,107.081510010985,106.542838944238,103.731742459742,112.714956956417,112.89851751348,115.022134150809
T275,150.574704453324,152.302074315961,154.715186601194,158.669650902475,162.668834867748,165.141112474507,166.005976248816,165.501837376331
T276,78.9655519849635,81.1375564860769,82.8265691971748,84.8299968309433,86.4700890268146,87.3554010590765,88.3531351229078,89.1129358649995
T277,50.587441315852,55.0208053483688,57.2670596434665,58.2668479238165,58.4285072994105,58.3803413191636,59.0791824141696,60.1628557893426
T278,127.965160900738,134.974622775513,146.01196455389,148.936395851029,159.223636582808,163.784831772639,166.304937119092,167.576106766865
T279,111.448336406967,112.270003164121,113.988802437183,115.936941180682,117.118347600379,117.440630608113,118.608474324741,119.029056168949
T280,119.457880005972,120.030235354906,118.928941220016,119.736323203341,120.012616110037,119.280370170461,121.08580333626,119.729777044741
T281,65.6798157692997,66.7774269086457,66.8519735088017,66.7582687409503,66.58574459399,66.901209546783,67.286427828988,67.0606373366869
T282,46.162109816645,47.6585457141812,48.4272736673702,49.3577710679164,50.0571346304983,50.5818554254668,51.1360578388862,51.4907746315677
T283,47.5291022828296,52.6432893771319,57.1762868243901,60.6556248324918,63.658145747913,66.1791761149491,68.6542468965575,71.206009946233
T284,88.5307526790239,83.423300714881,83.9944713024943,77.9245087766207,81.616281320001,78.767450131564,79.1468403218949,77.8123169543979
T285,123.635889573257,130.778396769841,134.486294513565,140.34312273491,143.542060301626,147.042200387407,149.542025930217,151.140750400981
T286,114.30017672996,114.995785802127,119.919063717247,120.892778855126,124.287489460553,123.738885524593,127.701834189331,127.759586047473
T287,72.4663299477686,75.9433553369683,79.2364067816233,81.5241557420195,83.5736283321282,84.5989972661666,85.8996625620688,87.1021187614533
T288,151.558529238382,151.123471217667,150.287077695794,149.794192868108,152.354350184766,155.40348095933,155.858824245074,158.339890052631
T289,92.9902008833006,92.5108598726117,94.4088814468129,97.0318340426886,98.2998998368635,96.6163041848485,96.4481107450772,98.5427314897073
T290,91.3484270491638,91.7316584810322,92.0278750730052,92.360650357275,92.7347356952701,93.1108347666981,93.5198250066434,93.6689222552165
T291,56.8346799829034,57.5009728073127,58.5885558826812,62.477101962602,62.8200966341866,65.5363086262586,65.6182257343304,65.0587883580653
T292,148.491669721232,168.559551938183,185.404658771679,202.799209207317,211.814476022387,240.908994147984,252.451784611561,256.077314417728
T293,173.449898362476,172.989679007826,163.617624624193,168.487619186263,160.133295424787,163.08500264529,157.853781127667,160.464016356729
T294,59.1542964594098,61.7486631984486,60.6539629472627,60.4986950982087,61.514020445354,61.214009646929,61.7759468386793,61.3721803854468
T295,53.4320449847874,53.6582720085031,53.9565443996003,55.0489450083711,56.3086936386019,54.7516800966104,55.3967853073482,54.7710492762494
T296,79.7495200202409,81.4355547483756,83.6423083286265,85.1484246562171,86.6200200413914,87.1719417161807,88.3264135902982,89.1547067631573
T297,59.2213215927681,61.4004402160846,64.0261688531577,66.3630841796985,68.329286415195,68.1671907365003,67.514504869222,67.1812627435475
T298,192.201948092868,191.927010110258,196.028125330465,196.199633417675,191.15757502933,183.765654516933,184.228618723751,183.583776139173
T299,174.459183204658,187.513078711682,191.582776094882,192.053429368655,194.395570250268,191.215448478698,188.918504033336,180.077378257093
