T1,85.1046994708288,91.8571470018528,92.796576544557,94.7864295612107,96.8408347282015,97.8986712569816,98.4412102607255,99.4411881687448
T2,31.1555791782955,33.0578870397976,35.1835335314772,37.9259585535254,40.0302238328731,42.2037317783936,44.2877724456208,45.5516786487469
T3,60.4271490250006,64.5725222156973,66.6757083879316,68.5559110385256,68.7510046893482,68.6066209403922,68.6326479490879,68.379819660746
T4,99.8477182617772,92.3533051605675,86.5379122762344,82.1476412951145,78.7831717403395,76.2051453985139,74.2299972154261,72.7168977760454
T5,139.707046463645,139.244303608671,144.170501684364,142.92161079761,146.785818246385,147.310069450547,149.495453311523,149.507611528486
T6,66.8171867568004,69.6165575000764,71.3956028583412,68.0723400589136,71.2457229712946,75.1145624204696,75.4938736047413,78.5437330583568
T7,163.243375088302,165.279233535599,165.874603237878,168.13614547065,168.605145739003,168.100278126076,169.951354056314,172.65123839927
T8,34.2023485225779,36.782749007427,38.6531167719201,40.2872844307243,41.7418102990396,43.1078845716403,44.3723592252239,45.549542140074
T9,40.9214679678587,44.8941356201808,50.0229951746183,54.319566648115,57.9063704976216,60.8044005067322,64.0830140559475,66.3410857975122
T10,123.801039218089,120.601098489479,121.419884175421,121.63347392255,125.551360664837,123.998433049963,125.138719670512,125.201969755314
T11,113.734239347923,113.399799486197,113.918611792164,113.489436292287,113.651732724267,113.453933722516,113.602045223596,113.210275516381
T12,66.2063068725909,75.1938544026626,77.5693037563199,77.9402171782348,85.6049210773266,89.9607803691644,92.0978300228364,97.3667776512956
T13,96.4913586719303,109.498319305728,102.567345314511,98.896629532531,105.375682261677,108.002259237593,107.44441355767,106.882530306812
T14,34.343155859416,34.9229655284715,35.8629561734549,36.1581570866218,38.2170466105978,38.010562715538,38.4591406028658,39.2264720511605
T15,94.9809147444551,107.844110160461,117.337205428293,122.110050599549,127.84020335969,133.283455876528,138.050232515369,141.849864594832
T16,203.644279587615,212.668859272559,212.067298449148,212.125094551058,214.329874053331,214.381525559978,212.11168860139,213.789513038494
T17,69.7885168447318,69.7041170379417,71.6396891126251,72.1667991195909,71.5931112131832,68.2273897652286,71.4782939432363,73.9112979067922
T18,50.70290514115,51.5204436544818,51.9895765633441,52.1826825173468,52.2927386036212,52.2647265769581,52.7391335897332,52.9753148790328
T19,55.2776524067495,66.6846996137369,69.9556061862094,74.0697043156589,78.827346750273,81.2783755541726,84.9411433198786,87.1624962442881
T20,176.624297157057,182.347622645419,188.174293595555,191.793662571346,196.261072678831,200.627156669106,202.102543222135,204.698347163772
T21,58.7435963354398,62.1050229348295,65.565504085644,68.8199802585664,72.0335454374759,74.9899633890473,77.929783575941,80.6957512193718
T22,77.7064511278195,77.7064511278195,77.7064511278195,77.7064511278195,77.7064511278195,77.7064511278195,77.7064511278195,77.7064511278195
T23,97.3098942774513,104.992647362564,108.468105690962,112.300670362235,115.060808107811,117.133284622699,118.112463723926,118.669023921252
T24,91.4722839628864,88.6724667970699,101.543210698015,100.997880527856,113.885460013678,121.156497686235,128.951890832295,135.677388049286
T25,174.520415488216,167.018819887761,179.307401474631,194.378601466069,201.061508865486,202.877678285546,206.953438495326,212.142409873625
T26,92.4196296278478,91.0790282571238,101.959113918707,101.860203856777,97.978626829031,101.217038785506,100.31269709148,91.8199799388544
T27,70.384857552241,73.2947658126495,74.03193309726,74.9959933556884,75.5293906183986,75.9892841235392,76.3661061613524,76.6097815817253
T28,75.2557723660953,80.2175899235337,81.0398375741299,83.1969708907841,85.3509515476499,86.8890111268736,87.7502369218578,88.7040295501912
T29,36.7468463648978,41.2347073018343,43.0352405608414,44.2322648076954,44.3666011351605,44.867086831864,44.3883059288393,44.5456379422763
T30,84.9688817508009,86.4299853316444,89.6305102745281,93.3916891676362,97.5678613127861,104.901979129822,108.994723595366,111.925638966256
T31,94.073453476018,82.5611980345651,89.8769314067868,84.4364987121128,80.9610288100566,82.7300166840674,86.8618433977091,83.0332422918201
T32,146.728906557614,150.901117395474,148.899899279479,143.920806794708,148.844195343081,146.66570234986,151.838652495517,145.962245413335
T33,93.2649645411272,95.7065763848417,100.368404007143,102.485919920702,106.976579795445,111.348886004376,115.305790175084,119.337078571156
T34,174.723403417427,183.958329413922,186.238464016298,184.976838965479,188.628751387299,188.86525510951,188.699590165027,188.075557511922
T35,58.5576089272247,59.9738248538871,61.0889409448249,61.9432004584586,62.9167804343155,63.8674263465928,64.7342202724362,65.5059458408328
T36,79.2710964243951,81.2948667495604,82.1254419353867,82.4663181359774,82.6062170712117,82.6636329660315,82.6871970122656,82.6968679279008
T37,72.4843421359653,79.5801484473492,84.9812626146511,89.0681281210827,90.2996079719448,93.2734016149795,98.0529968800428,99.1867572691886
T38,68.7332739936445,71.3226665435251,75.0429136683247,77.9588010208974,80.7031188938951,83.139010074292,84.6246692567939,86.3739658171825
T39,61.7489620334457,64.4695261448605,67.0096788023192,68.8220475794438,71.1141987503137,73.1946119081777,74.0612324732885,75.0239746659093
T40,71.1173130760261,72.1691971849496,74.3063491122333,75.5077424086414,75.9309313155019,77.2293734934022,77.5867731289485,78.5578966670807
T41,127.411436334016,128.24569841449,129.344061865052,129.132415973454,128.516853932224,132.011292089913,137.423971297065,142.130433936853
T42,59.8236495343045,60.6330749677676,60.6502465053599,60.944135462739,61.1450139279124,60.9154586781434,61.2190035261412,61.2524128456144
T43,59.3686370748675,45.2895417341201,49.8456677594044,53.1390728665071,67.190324022459,60.2882428703504,66.8543571634783,65.856541566295
T44,50.9385973642711,62.676314162605,65.233624145178,67.4093320638332,65.1057381946798,64.3098377402083,65.2434096714236,67.6211439302709
T45,154.459925851923,156.562559405938,156.100688296005,157.955758651871,160.591544404543,160.485861957097,160.732842088926,161.816256126418
T46,91.4345035842402,94.4568796533424,95.5082692816472,94.7780610375257,96.2718025805935,95.7567093037244,96.7536698101632,95.6351791664364
T47,64.3160633320048,64.027162113956,64.0859009970151,63.6686511622127,63.806883355273,63.8485194747165,64.1509038911998,64.3961811483829
T48,80.9369422829928,80.2467977857048,84.4559948285539,85.8916674544083,88.2440092956071,90.8815730382918,93.3031044616161,94.3623752273057
T49,46.6085222251856,46.3936793695818,47.160174414134,47.2098028046439,47.7027056105299,47.9392529588725,48.3024578332598,48.5638492806572
T50,85.8082912996388,102.476194963461,91.6573058615127,74.4611966346955,84.4043181215559,93.5651742628413,95.6151301260207,92.5794361235174
T51,88.1208741481532,90.7641468535665,89.9847584012002,92.8477732188351,93.0962322670932,94.9387174587859,95.3452703516818,96.6018033853043
T52,66.3587823870879,61.4974006136235,67.2807412703705,64.1801412000548,61.8517730635748,64.3688251427097,63.3456249330451,63.8748183831819
T53,105.298229462065,107.839155950034,115.080857081872,123.049315671427,118.337236351106,116.875097699928,122.582516284255,123.088356796039
T54,153.232252753047,170.501555697506,181.905943520532,188.937928920183,193.324100184527,196.05454524882,197.75485681521,198.813618833603
T55,160.655794150337,164.625163301303,164.889502512079,166.162770335566,169.42563141099,170.44776661614,172.491619915963,173.485527086932
T56,90.3248351279182,90.0123626940647,97.8497721387676,90.8608461897429,103.252401005434,90.6217194260855,99.3950389600145,86.0520378775653
T57,199.593506178086,206.748659261719,200.775545145115,203.836243412906,203.94624483748,201.874724231376,202.369772155764,200.392496481205
T58,95.9590211127174,99.6591496623942,104.717672002209,107.864738564144,111.387355303514,113.851970505614,115.522832592262,116.266099673727
T59,56.5124376190788,62.3781244194496,64.8973578805233,67.5748104300367,70.2503827112014,72.4636431675716,74.3762362727046,76.0788543709936
T60,129.352869692204,145.611751803567,159.904575910015,167.585565025562,170.552704952669,170.698502515704,169.720694554178,168.692251496314
T61,187.219321697278,188.648888129421,189.699164934885,190.297699243025,190.13420852059,191.943737196535,190.511372031848,189.780389437126
T62,119.338746155,123.022614866204,124.885544822603,124.455919817543,128.986352168046,129.292802628026,133.625249991944,134.831694830593
T63,55.6525359455549,57.7006338566059,57.9256625943847,59.1043655825962,59.8963993540362,60.8573957775828,61.6249151309324,62.4151836244672
T64,117.038721629546,120.821042538722,122.460731793843,123.734227326958,125.495293625639,127.489799471687,134.370348892967,138.331361390063
T65,57.5333727747479,53.7389855601621,52.6687563097205,52.2373822530158,51.9908442395657,52.3401922423557,52.3971399150702,52.9947391035877
T66,118.243238426787,119.87987233641,120.63443225416,113.731742821042,114.913874117713,118.246007216127,118.631894208022,117.903294808032
T67,105.475828914251,107.737301227561,109.661727151334,111.377458348802,112.12656290454,112.684123235536,113.230530744457,113.833343887249
T68,127.724014165389,126.683592296709,124.690811110269,127.981094743886,128.578787938036,129.366767625023,130.325704520527,132.34567657197
T69,129.760887082504,137.678750621725,142.949582565857,143.56271874804,150.944339831464,151.716641297253,151.169959364482,154.151510451821
T70,100.351445150801,95.0095728111795,93.8846702020692,91.5433512440908,91.1316476895117,85.7503688767266,81.5217263660949,76.9914755924671
T71,94.9622611270342,93.5310623174903,92.2937884206393,91.499741140434,92.9661839395956,94.3890464925084,96.6899905515279,98.4475077262519
T72,71.3965938055522,69.478553062793,69.9089950047103,70.2924619514092,70.402418291449,70.5693711613945,70.7928225219891,70.5854466256573
T73,87.7537174429511,95.6034516953639,98.3174178711464,96.737346938795,94.350012863482,92.8580765516716,95.415550113852,98.3529399011824
T74,155.238355716954,156.887298704884,156.12088669799,154.537589051795,154.585063987048,154.684806510428,154.850009118052,154.91225213524
T75,84.0919932744524,85.827188388308,87.922056645849,90.0035902454228,91.7803329635726,92.6540735062174,93.5313373078537,94.8345869237173
T76,53.1007410258963,55.2284366274127,58.0078296657347,50.1643616665279,46.5613040302858,47.0501291883022,51.4348840513981,52.4805160635539
T77,114.59532061384,115.712627983882,118.085991494943,117.462382416211,115.752179590503,118.722514685125,117.757383503152,117.854182231076
T78,92.6677844852447,96.1635635750539,99.0019434791025,102.461265912608,105.867352493781,107.94704953347,110.052915795,114.151818077458
T79,139.612739594789,140.513095299756,143.950140465617,144.377189972478,147.168526911359,149.174849351276,150.067981098457,149.368869258138
T80,84.7358560001739,78.2574913332357,72.6409089974899,70.942599671982,70.0382458985981,68.5934606711461,67.2928721957419,65.4545231002777
T81,184.961857753176,193.442741646863,197.170492150187,197.228344772284,209.325166319457,216.136764919407,220.646235752276,213.718270944618
T82,43.7887668928846,46.1482613572547,45.4621030924468,44.1125165584531,45.6970226160248,48.2931333192819,47.4036414765572,48.7849969376411
T83,162.031989533936,161.982770943921,159.868952825955,156.444296882555,154.681103437012,154.661747018134,154.064611804457,152.917636237613
T84,116.120957106095,115.795727459072,116.117917938588,123.138730270916,125.857979586378,132.056301175459,128.21949062127,128.545099364392
T85,92.1281093237694,93.0449454933552,99.4441566300175,107.244494434623,109.895969876998,113.670338132741,117.202776960322,118.944044489172
T86,50.9924083005347,50.9340184607543,50.2966011148447,50.1729528865757,49.7849558699769,49.6504064402658,49.4058310121702,49.3148459132111
T87,50.1188548114127,50.2828992528586,50.7699285247291,49.4530049191001,50.9785083611569,51.1725459287627,51.7728983919563,50.6032035406211
T88,159.315239159195,157.897372656935,156.955104511236,155.430540678294,154.647205264716,154.318548114282,153.974438635577,154.502864411642
T89,65.8482231414448,74.0841720947693,72.7450537176513,70.6632830366867,71.6533456267026,71.7857132091452,76.913237203868,77.7465839384625
T90,192.542594668948,192.357847955698,192.322998902936,192.316425273251,192.315185279512,192.314951377612,192.314907256342,192.31489893368
T91,70.0760464141715,77.8327144447067,78.5293972809052,82.6214978453351,88.0076118888458,91.8199463765846,96.1654816978901,99.8450252804317
T92,92.5980766574534,95.3367871008629,96.9539984245348,96.9291839272594,96.9100946912669,97.8284117952155,98.4129724733676,98.2715724625503
T93,147.896157685597,147.332165020083,148.113546382667,148.595616478516,148.480371123268,148.789564297924,147.620575280613,147.522792492467
T94,93.1022164250689,98.6536909882092,113.549578092776,114.844322297365,122.132996143585,122.324524393441,126.987137353629,136.010423799819
T95,152.101353729654,155.864986551878,165.402877419914,175.013769984631,181.430706438693,191.96478404261,199.596471490766,208.907358480789
T96,90.9976188174817,88.1727309210722,90.8163721547308,91.6302198846425,90.9675508407411,90.3595630165834,90.4969726135771,90.7309762224986
T97,163.071726726059,160.197847575713,157.237438752859,156.175230674646,153.998063126716,153.243646218657,153.106263807693,151.532187339127
T98,64.0402874297806,58.0967776578499,54.090865727147,51.5417613654053,50.1278143263464,50.2138892254786,51.6952704238007,53.5471705648394
T99,117.925078641866,119.493840356227,124.187547549258,126.183183657133,129.045788287484,132.131934225414,132.619983464229,135.499049125813
T100,80.7188127574072,79.279162494049,78.9931616027813,81.1771116779031,80.270111283883,84.4811548186699,80.9937092609608,83.7314118423264
T101,113.040762278088,113.397650609408,116.015775692209,120.091700547781,125.11015075719,126.857847759492,127.691043510561,129.125979306015
T102,82.2087584645489,85.8756486959167,87.6928757098011,89.0170784304581,89.8674767633548,90.4346616362849,90.808558789238,91.0559205354107
T103,232.050619246897,249.595452827486,260.330098424265,265.831808613149,267.680813345105,268.928414918772,269.94234419542,270.594564542262
T104,93.0940281234116,95.8418101243137,97.7841608191936,100.350165966463,102.49827394415,105.019669880147,107.556671556647,110.107004698225
T105,76.7512851708106,82.2109416129412,87.9526700639407,91.8520423683482,94.7752034847032,96.6569885313734,97.2257855027007,98.0132507624386
T106,104.429661274941,107.796676241504,109.650431780386,104.284036542694,101.800611856273,102.337072667713,104.16403139504,104.529815094938
T107,78.1723659163246,79.2242115811319,87.3906072484017,83.6538557366686,86.5338207088399,91.9209781592624,99.6523413842213,93.4612756882395
T108,224.370861566859,210.566839164977,207.15552877724,206.105964363212,205.162162745097,204.613317455753,204.158869071351,205.571480307726
T109,75.3924904778337,78.7441269169948,81.443644985344,82.3989615151637,82.3629190535329,82.884033092163,83.4485316593367,84.1483613128749
T110,84.6229196810409,78.3530147750632,74.6318383723407,72.698156715881,71.6191757736709,70.9471119866847,70.6502193841744,70.4381498627342
T111,104.80344226823,103.610720632044,103.717956149542,103.059012927884,101.394805638029,100.455121830668,101.603935700302,101.578344356464
T112,108.704233296822,105.418464926717,107.942316194661,113.048122480421,110.051612863858,109.564730172054,111.609646840557,110.047290150064
T113,164.266396579337,169.613332234757,174.840626359842,178.124032451549,184.492165400582,185.813389341921,185.448226665652,185.788093064754
T114,59.8710002916743,67.7715388435162,72.0823518966186,74.2676465814349,71.5613663727838,73.1182153991808,73.0510141226628,76.1641067955915
T115,105.57675481177,100.271218531739,103.048468017579,101.56040842523,100.844483810474,101.065165559929,100.681453185503,101.297915711689
T116,53.0342305151974,51.6318674924188,52.606766474859,52.9527812929368,52.9715006207494,53.5122669389676,53.8470539459508,53.708611575185
T117,106.428633292741,106.945827279478,105.71295058662,103.721939391613,104.368366034939,103.251627444679,102.258421956995,101.644019970453
T118,92.9663017583291,94.27164819076,95.9292712272158,96.7840780002118,97.0445669869934,96.2172566979793,97.3191689470618,96.9305316086386
T119,69.7463157315084,72.5941956317918,74.9202290410009,74.721199629397,73.8032075721113,75.5927380089125,76.3788258012816,76.4640923316309
T120,94.5812021219875,95.5778445496811,94.3108650739725,93.5815727546823,93.0991301342085,92.7039952844593,92.3462764597684,92.0650362744188
T121,101.085297924397,102.616276221359,104.352133085582,105.743474079723,106.911073944836,107.832490181009,108.492160660785,108.98005895412
T122,51.92488762161,53.173281725876,52.5374315638319,53.623981965118,53.9023027262288,54.1073819375893,54.3591308579218,54.774193874098
T123,87.3757724536264,88.8199584960924,90.6219463144442,94.8872664844536,97.0681049776901,96.590805790414,96.4694776828783,105.238495070165
T124,109.545975582541,115.016138728779,123.650747258519,132.114262097302,133.134835358118,120.81323183168,123.696542379823,133.647066210587
T125,70.9497562338156,71.9845336218708,76.403971672549,78.7449197892609,80.3342226757035,81.942043233731,83.0249653395014,83.9805402670009
T126,90.7763555644277,96.3159699795382,96.2513115802547,97.0138417780953,98.9168941224681,99.6215120808564,100.136066604785,100.495059137131
T127,108.298140291056,108.969865774435,109.984953179339,111.72688321231,113.531292891269,113.44546849822,114.924428304674,115.405256671889
T128,116.501593874786,125.847834376404,132.076140084003,142.669037979545,140.940079814333,146.059979254346,145.089471776616,148.48570923254
T129,59.0040651745709,65.0469908288172,66.5361344031072,68.0249925912707,68.4635466821682,69.4292054538515,69.2296506386371,70.4426997622573
T130,166.115429343678,175.08499788061,182.699602560561,190.114452672565,196.570557994824,202.279474298434,207.75840440707,212.861369788517
T131,66.020302945468,70.7471936067688,66.7214958154649,69.7026977444237,68.3323096606719,69.9166023100052,69.6377972231625,69.9098402803972
T132,78.4209383020023,82.7327988019676,84.4658655094618,86.1339452169789,86.4699504735401,86.8836592920853,87.1444724772204,87.3189526751779
T133,165.934163290602,189.628286383589,203.908668803877,217.438883195149,232.650061140275,246.61701719355,259.862288259411,272.533171603702
T134,71.2418540343062,71.0596684774768,73.270622955386,70.9198936172426,69.8564478028309,72.382684965517,73.5946234658242,74.4768031296849
T135,72.1996765733141,73.1780982048982,73.8453628044313,74.3004243355926,74.6107674847537,74.8224155007604,74.9667553477996,75.0651923274433
T136,122.156146654432,125.135587734443,129.261740580148,125.58690035339,128.484941308555,132.094720887251,134.512619660187,128.837093430772
T137,51.4726904884067,26.4535755531956,99.5516263776583,90.4170966974545,141.57538379637,149.946856846591,163.67548269675,159.844697059035
T138,172.807351583389,174.535328762587,175.792594017437,176.95161250564,177.332034769608,177.384606008828,177.306152035185,177.169638850546
T139,35.6674050171809,37.7525095889095,39.4489341328273,40.9078270604658,42.3795645178424,43.797691465551,45.2096336068971,46.5501904490868
T140,230.249613325298,232.448969830596,234.632320759107,240.470078241924,245.878806280116,245.467525980791,251.204671626766,251.966132458143
T141,85.7185182674576,85.0512563891091,83.0737672058638,82.7724633982288,82.4383303078565,82.8898004099407,81.6403210490547,82.3857669037519
T142,102.21921485201,119.058120849024,123.810427982051,125.684017784877,132.692125543377,135.244817997981,138.911539685373,140.587466556436
T143,73.0940434682476,71.9382163745944,71.87536726881,74.3470117219729,76.5037944147807,76.5760054142787,77.1696151978131,77.1498846010154
T144,156.094036168247,164.572103939031,171.71397903482,173.666367974949,170.903569709471,172.092936068327,165.368167685669,169.019018108823
T145,31.1616153533461,33.2781385000112,32.1569466344189,31.5719045225233,30.9251359747979,30.5705353324858,30.3318266111281,29.9951915185519
T146,168.700346585472,175.055474779049,182.136941739546,188.686396703057,196.99595155475,204.812297800819,212.041615102668,214.150885232896
T147,121.456167180612,125.127821482949,127.163561992192,129.191457232808,130.246982639134,130.631276066415,131.031145020483,131.61320220609
T148,131.873419149861,137.276371334572,134.523717004093,138.723651832898,141.99068198927,141.508545332561,139.389281484608,142.651060640968
T149,37.6653995293808,39.2089816515148,38.5717135883445,38.3995821160489,38.6891485177349,38.7751653460113,38.7989060107538,38.9261697825717
T150,89.4885253234866,88.463187106587,88.6077352399486,88.0849147509521,88.1196359252116,87.6688108147194,87.8004021440652,87.0930571908114
T151,170.93175265953,183.43065528684,193.560453639839,200.141216560754,204.426809046465,206.444931287619,203.579617286334,210.450299068366
T152,61.675702132923,61.9978724847824,64.2481442685834,64.9427248525418,65.3644657600048,64.75899355088,64.679714411811,65.6312946351816
T153,83.3776969389576,83.3710026389338,82.7513140225291,82.7997158696779,82.4061108804318,82.0253925499046,82.4332031411328,81.9101018224127
T154,43.1804092888012,43.5220293871055,44.2842511581231,45.2543763768872,45.2531635276489,46.1564223825356,46.530150099009,46.8178205391076
T155,135.364512924354,141.109840591561,141.757120335447,144.01264948759,146.410089017788,148.356295373303,149.947754915336,150.981785817713
T156,146.638417278761,153.492890028913,157.976801026292,163.56477055888,173.592304714015,191.948713997273,193.624625845973,205.67017844504
T157,145.789997480445,144.271238050118,142.982134961558,144.513459234135,144.89976968901,143.596478890438,142.889693932432,142.200209518685
T158,127.060251869683,122.056727985876,118.325763200719,121.936744457875,114.856222079673,121.643324913395,117.429434413439,117.270083204069
T159,120.706013522244,124.526943637312,129.464668996363,122.644155004292,129.624318679561,125.72624121008,135.537746470288,132.220714904823
T160,100.313042892027,109.755817755319,114.435283251731,118.009317906753,122.504774017583,127.234957526483,130.639104105588,134.659625497454
T161,54.6800744467029,53.6498453453891,56.7723624083875,58.9959375888902,60.0339496908324,60.746327350676,62.3658266851521,63.2126940593452
T162,57.7112292501345,56.7278073968266,56.3266416942738,56.1629948113381,56.0962386003157,56.0690068460035,56.0578982400541,56.0533667242096
T163,64.5026995561832,64.6761923362147,64.2542385639715,63.6559795987725,63.1767035473487,62.8564858089605,63.0194289500514,63.4685100699234
T164,56.7958481658138,57.7481085809001,61.3743356120899,63.356645878332,65.5718044453427,67.4933493810553,70.0156770966719,72.169121480086
T165,168.220462795086,173.326602816416,171.980570541087,171.111688256175,176.589971693888,160.249670397337,171.766575086238,172.629398394222
T166,87.8308606447936,90.2341859443491,92.4716134762803,93.6872568048446,94.6507184163116,95.2958943820675,96.5926765519049,98.5601892462809
T167,69.4193580864318,58.5544763694576,61.4019985387511,62.583824477378,60.2656239509132,62.1622217024464,64.1371370624705,62.9104982953619
T168,56.2920531970679,57.97250460102,59.1990825968177,59.2385255035828,59.9685643765802,60.5786023378958,61.7480489989051,62.9097793998923
T169,90.0060479684003,90.2764334960203,89.2615372296345,91.656437618314,93.0223791961007,98.2109047324682,94.962174494694,91.5659044507857
T170,43.3976181628961,47.4289848447343,49.1768861672397,49.7262547111718,50.627542779941,50.6282780775606,51.4252217967724,51.462406643848
T171,84.6126329315876,93.0666422781322,94.0866841044628,92.908627504925,93.0170349417007,92.8060608789608,93.9538870220505,92.5564083256735
T172,86.6875627593169,89.0520772524671,91.6636962356733,97.257945978172,98.6214222352646,100.4955884293,104.028939879374,105.268643547804
T173,56.5607345951522,60.5452262893143,62.4491419942065,63.9258144132834,65.7532351900132,67.2658489393404,68.1320967466077,69.5880934766514
T174,129.463094763906,139.887878235702,146.9976430543,148.781456273449,149.563191381589,151.057069356182,153.198179375141,156.58146425769
T175,58.6328257416832,67.7570715279345,72.0475061906701,71.8175420151338,71.5277148571405,73.8873183928045,74.8465132652678,75.5369752916219
T176,74.7354342202604,74.7731550443094,73.5792476734742,72.382457844189,82.8175200998527,82.1131135535692,75.4769388406309,83.3215985910971
T177,64.363303601529,62.8915828306932,66.4828706161881,69.8853163870468,70.2909512048287,69.7391764680504,69.20147195307,73.5489884688355
T178,77.0388538035642,81.6249181121206,83.5610363081777,86.8747584718301,88.3472927038079,90.9952858910571,93.8761597009214,95.8151610497019
T179,61.5073527247424,65.0424788936521,68.5143882596193,70.7003546820549,74.320965694957,79.6789385306927,82.6004416017507,88.8120427919812
T180,157.632720791111,149.715761907973,153.891104141319,151.818829405492,153.531567426518,152.636976815735,152.872427131812,154.189744511685
T181,78.7566085797533,76.441971808843,80.788339893345,77.6395381988668,80.2249273470864,79.3161030247118,81.0580153756878,80.5658886967583
T182,80.3740277569045,81.3030352450258,82.6093153503393,83.4626624143122,83.3927371090642,84.7903286043453,85.4569271296947,85.7106931285771
T183,44.8038494818316,47.8890910389122,50.1808700534591,51.9879926607764,53.2654432162913,55.5885845246059,57.6113097577447,59.2335994913173
T184,146.146598418507,149.371365198003,152.884748471464,157.025264224593,155.574113290867,154.061513129694,155.11227243541,154.143956715311
T185,47.3132112665755,47.2694620862221,47.265361749936,47.2649774511326,47.2649414332161,47.2649380574827,47.2649377410963,47.2649377114434
T186,39.2441917921858,38.0374917392458,38.9455138334367,37.9530392750773,39.3912519962142,42.4041407591717,44.004193617126,43.8132460111263
T187,69.5081248797128,78.4670917286528,80.3032528612233,78.6585368472418,82.0222172272641,79.4413628557712,84.2287337611164,81.4167066619843
T188,104.653720612062,106.688642333561,107.380353012238,107.80074624472,108.048692816899,108.181358704528,108.253684961901,108.293616192065
T189,115.276601019428,117.982210965038,122.07173391567,125.62360199291,127.745558536975,129.266524829737,130.420269888207,131.236842540248
T190,192.384309637711,193.741302447584,196.791845754893,199.142831797376,200.982665127962,202.444989458279,203.73110061997,204.963645167224
T191,90.7316777753153,100.604356986963,109.961829418224,117.91672297692,126.04223658945,133.843082053094,141.434280147234,148.249666028203
T192,107.652682768748,113.141079383374,114.627487048275,115.738569580211,119.420086495312,119.731612085469,120.262617951429,121.076097825867
T193,57.1380183751578,57.7292643755813,58.7522866063936,59.1161761829511,60.7797716224592,65.0090073395924,65.3750245433272,66.5557817216338
T194,120.019497271285,125.996899938225,128.084809264159,128.814116890938,129.068864359072,129.157847759408,129.188929699468,129.199786634518
T195,88.2892905462681,89.2547755888661,89.3751701945199,89.9814231003901,90.3658319371888,90.784370257511,91.0655196488213,91.2391039387098
T196,74.5844548791901,73.2830187568516,83.3159159888303,81.2184777383641,89.6629711097325,87.787901614323,92.2091885382058,94.2840425967716
T197,104.577847642277,103.170327631765,103.697565432783,101.03891223883,101.884983889993,93.3668165384155,79.0710656505823,80.4176817538368
T198,95.1134197917361,123.347905635027,112.918793536365,110.410482555744,112.962438425602,112.798651345927,110.206813888908,110.507604592539
T199,108.681311144284,115.881828343208,120.282205359319,126.935312704506,132.231535823915,137.862987692198,143.050719253193,147.904146753454
T200,121.690782501741,126.959688515965,127.269358511406,126.847417575821,126.316971266429,129.860818625294,122.598874431354,125.748289177857
T201,44.2215582861271,45.8553311448288,47.7336030801354,50.1271397731826,52.3265718955786,52.6523230304489,55.4810392725792,56.8831868362187
T202,115.055987121979,119.55861882991,124.945740049648,132.909686434341,140.852132902607,143.645576763741,146.157674388581,149.244769130783
T203,92.4934440345893,94.7714280201325,95.1249884573348,95.6252781666605,95.8461746146518,96.6111450998474,96.4661570524931,96.6197753781036
T204,65.8331619096013,65.1820831520386,64.1000611835341,65.5707594765955,66.1099532164677,65.7907497970133,65.2317860354364,65.1747046242958
T205,114.382418284909,120.304742486994,122.709267014405,126.360226125858,128.497074617307,131.185020326813,133.216033524443,134.922260391329
T206,129.109196789931,148.847039294905,159.517341631356,165.479667555833,168.948910005212,170.964507219864,172.176247779819,172.843432825038
T207,71.6217482640876,75.99639268937,78.6427118294721,80.2435287897712,81.2118983645319,81.7976865318104,82.1520427464905,82.3664006558791
T208,94.2178944745903,96.3680244717704,98.333191343527,100.125308545273,101.287134732277,102.465624253592,103.428324034397,104.247052693016
T209,74.5576113596665,79.6672394512178,81.2312449110555,83.7228291120992,83.3582051126073,85.6768457438805,84.3866125406137,85.6653412179454
T210,104.900252615045,102.298566614549,97.0674038617825,91.7840771011216,90.6912207262223,94.3876367211887,96.7368384189967,95.9061854384068
T211,153.648299081717,160.525278315818,166.392888696086,168.854744682664,171.241366040167,171.151599233643,173.483974213032,175.523517438988
T212,85.1248607491354,86.5703969661206,86.911559817033,86.9920780977063,87.011081320083,87.0155662948947,87.0166247995348,87.0168746185683
T213,77.9782345584065,77.2392308901154,77.2146759195643,76.9742790874326,76.8142619401756,76.6820760577472,76.6210423769544,76.550416680932
T214,84.2255144026804,85.9873283658065,86.7220745643605,87.1733515171509,87.5942515973051,87.923047043282,88.1556371293295,88.3053781120876
T215,68.7834779431275,69.7354678571319,70.0367623949839,70.0954233703903,70.1208387613157,70.1305510082167,70.1340967726083,70.1352551811735
T216,74.245773835234,79.5957927931033,87.2140626290222,92.6698997906146,97.5825991096948,101.80976255576,105.329595385923,108.463112011746
T217,72.5682141253765,83.0127536247316,86.0154592107013,89.0738444715109,91.5559412605596,93.0643276274681,94.0950232381453,94.8355705889012
T218,43.3450118250173,44.4271855707086,44.8395498435629,44.5058316580425,45.6406728990261,46.9757115787323,47.9442220389989,48.7283617426042
T219,119.569779942251,124.720119088817,127.555558782821,129.142079162375,130.028942207267,130.524414629936,130.801240732287,130.955909597869
T220,74.0520069696011,82.8466730736877,79.8169661890262,88.2938706945032,92.431267088978,95.8515670264873,100.919332817961,105.414741648632
T221,109.649479963129,108.833369758447,110.437854908034,110.269497279823,109.859431822967,110.376920923858,110.273709462468,110.44657155275
T222,72.3571844388046,78.8472133893165,80.3383124616706,83.3217900614534,91.7182439648697,96.7365201738304,98.7125304112713,103.397470742948
T223,54.7853131972989,57.2792734322315,57.0736913163355,57.4108348272776,60.366407536245,62.3989664633605,64.2770129633651,66.6893096605518
T224,104.860266549499,110.209953954459,119.865471753425,107.849016101481,114.947643525674,118.524310047795,120.29568173662,109.989968584575
T225,88.8515126861942,95.1795145183016,98.7030802261211,100.665076386477,101.757557484448,102.365874143543,102.704597768528,102.893206271036
T226,40.822048641017,43.3784850775867,45.1951394938388,43.7835606561253,44.3882505283383,45.0682614100906,45.3532971846203,45.365032841889
T227,223.262867812169,224.550353677058,223.806648124906,230.516327497262,233.517757709431,234.60516543273,229.399722394872,232.001454022283
T228,89.4451499102827,94.7552865809185,94.2647750012822,94.6309386095335,91.622428835338,93.4738582712624,92.5999631781841,90.8422723900082
T229,115.456935165061,116.323144746434,121.738243865986,124.970413609683,130.168745278143,125.468532315536,135.659112992532,134.525705193245
T230,101.797515382292,105.02866380997,108.160136591052,107.579916381574,108.067141106288,108.77322623939,109.411225958639,109.638722314601
T231,100.27222793692,100.612240919401,100.923897362522,102.09090550578,101.27340742841,101.650835040676,102.904016164121,101.656854653933
T232,74.5203366609319,75.7401697851359,76.6606232008448,77.3542430415715,77.8769552798447,78.2708707494924,78.5677251108883,78.7914343034704
T233,85.7514554421166,87.5931511355851,89.7472123550536,91.3945075237222,92.2307038159627,92.3424662371857,92.470312981383,91.3903440165278
T234,51.0061404949126,52.4249920737742,56.2266963653301,55.5894377373757,58.1159512575498,59.6913753894063,61.7388846716904,64.0280753293612
T235,111.925543961421,103.195896631361,99.1250387639368,94.8809570102873,91.9844838210364,90.1994930505694,91.8404144617121,93.1776503345541
T236,57.7317952364032,59.6292170325509,60.2236282951806,62.0232087516405,63.8514836418701,66.0772313899816,69.3723538631465,70.9459007717482
T237,109.499473438378,110.651161545229,108.981922921465,111.213406925793,108.553029060651,108.892682169176,108.041484282595,107.408207064977
T238,60.5670609263711,63.0550623758457,64.0003904381675,63.9550454589442,64.2904978184103,64.5966812904449,64.9888639422638,65.3593603018011
T239,73.7407429154306,72.9888279019436,73.0514465304785,73.0869265133439,74.0743321828161,75.0196343794775,75.7383687241417,76.2851495607539
T240,99.7844737349546,100.035439000975,104.359730309063,107.848683266426,110.58137720087,113.305896797511,111.87817755372,112.262255090741
T241,135.040009355917,140.790966128929,144.781888683888,153.970565607255,154.516134769209,162.702725445644,169.390068413178,172.565506968194
T242,130.057530756602,125.533784287632,123.095083564083,123.309939832351,123.42576642442,123.488207234448,123.521868371216,123.540014710573
T243,99.3101607799852,96.7489325199234,96.9584558397877,97.9986977240679,97.816714032564,99.7159556528468,101.961326027034,101.340053090522
T244,58.5300592587593,60.7174268099144,62.491186036869,63.4728674755264,64.0415885339563,64.3719812491385,64.5631254346935,64.6738800042481
T245,132.030265325622,136.207880857855,137.752188021514,141.835243530647,142.079216674351,144.090943664973,144.385443711634,145.143427067629
T246,60.2742907269471,60.5680265997064,62.2982057178531,63.0256097578949,63.9487170700428,64.6420977143854,65.0904096268295,65.7206349371604
T247,173.170245920173,175.748295947336,176.354479171512,176.497012519353,176.530526734918,176.538407014599,176.540259924083,176.540695603233
T248,130.597964888983,137.484318441338,137.554642632769,137.297694299264,145.36291142531,143.658358951234,141.744299126965,143.858689397285
T249,124.737763377774,129.852993066751,131.975362912445,133.058768305937,134.27966085211,135.27098951574,136.568595167509,136.965060551427
T250,104.264559869207,109.478129899807,113.01428231283,112.71486159723,112.697765991165,112.691429082662,117.298453463886,117.583569125309
T251,63.7819061908733,63.748939419283,68.7314255258316,68.9611417094593,69.6751013473348,70.4288496752191,71.6208372629705,70.7985701013629
T252,201.610280165314,200.984324116275,206.330153595177,203.213384284026,194.154329488297,194.031366444895,193.396901740776,191.864577534561
T253,127.566838034598,143.705702541733,152.274571479941,147.452741814235,151.300077966849,153.520758007938,160.139010401705,166.463816843155
T254,242.942468355305,243.713130512206,244.915290271186,246.946695129932,247.511731405175,246.983963989242,247.30786465664,245.775623166766
T255,165.970951303067,169.523680061196,175.135896183849,179.996054106955,182.559783918812,183.935204326519,189.046303039228,191.431702198303
T256,125.280294979428,125.921111853307,126.301236054259,126.526720766101,126.660475352488,126.179356494416,126.131215115959,125.515500649207
T257,97.3480548122122,89.6965476763184,92.7147133918633,91.122380907877,90.9654797602331,89.9903582831844,90.2916573791222,89.8855901271366
T258,33.4738809806351,36.8403875389866,38.2842292196758,40.5268700742769,42.3341519399916,44.144202937725,46.1888414807523,47.3474589897686
T259,69.459212427299,70.645306146229,56.0451846165532,64.8854484541064,68.6625997103088,70.8763935020218,72.6345633689955,73.6281226772721
T260,69.42907861904,71.5594963874499,74.6639879392513,76.4901630031097,76.3358587227681,76.8486973903237,81.130608866491,83.4041065078732
T261,145.837329311401,142.15769700583,142.984310187416,142.108916905246,140.083597599339,137.150184313978,136.022117224326,135.739878296866
T262,78.1724767971351,79.7908700784904,82.3037441506242,84.0126498788252,85.5034038858124,86.6106288171845,87.8362610255738,89.0053935073641
T263,36.6516419350744,36.1658986775978,36.0684351035464,36.0176295030732,35.9889235208034,35.9793099847667,36.0008313124636,35.9497920959243
T264,76.247898735194,82.2628526547185,84.894383812846,84.5778747797171,87.4053319608366,89.5819055689037,90.7769226141528,91.9835470803635
T265,50.5418474177408,50.5894169039717,55.4780291943503,54.3103627525612,57.3817570105247,57.6134168468445,59.6541549581141,60.2367137888341
T266,180.014459370925,175.811682664383,171.913519758646,170.538182589283,167.869544380003,165.025737720168,160.105281171212,157.720610441827
T267,47.8881349047241,52.906204807983,59.2646007697653,65.2465230594937,70.4019968266245,73.3753685478996,74.8363625868636,74.4820622487632
T268,92.313711499537,96.2780243713479,98.4501326344054,99.936692032205,98.7783409224996,100.715827148994,102.040562110857,101.80998436773
T269,101.850900357897,99.7023395230739,96.9843155838243,98.4519074595976,99.0593783231053,100.396372322858,100.735210889023,100.468176896654
T270,104.557994024719,109.058540884209,111.660574645741,114.175614410202,116.078727084825,117.378260681355,118.686718268204,119.689950453657
T271,72.6638797534146,72.0608224731931,70.8983606413592,70.6290067508067,70.0012711527549,69.9484205660113,69.1061498508845,69.5482473776608
T272,96.4964784186374,100.769272417818,106.707731036346,108.606491212754,107.572326948512,110.086070350868,106.28029596615,101.309584737833
T273,124.511359875086,124.532357221338,128.264485096217,129.843694464607,131.980045633901,133.441941233125,134.950096776453,136.349668548238
T274,108.650114194859,110.652769378817,109.296149357918,108.669306090564,103.069022004365,112.088252974179,113.453352750818,115.053460071782
T275,146.773968497657,148.070688668691,149.599926834426,153.477914699928,158.655976994891,162.750130642188,163.960182679214,165.383109398259
T276,76.6601917149924,79.0311704403436,81.2718172602075,84.0564054800174,85.6327503814178,86.52322351848,88.0056459999216,89.2710904626144
T277,45.7488462669225,47.8784930608909,49.5742883520721,49.8450212969719,49.1644311522661,48.891389513497,48.8493240862508,49.7066981952906
T278,121.281924599745,126.149590038397,137.687445388946,136.651473669415,147.811352993209,155.557246342621,158.445257927384,159.44051713243
T279,111.111066493141,111.820122718946,113.665797101105,117.761082448034,118.308308097299,120.398307395714,121.966505447172,123.420326431142
T280,118.55263654198,120.127323820563,119.83255782886,120.516131418665,121.342934315604,120.691367639094,121.659917341752,121.791303449939
T281,66.6471596434799,67.4045289425303,67.3795319134553,67.2063140956916,66.7471649094454,66.9669463363246,67.328147332767,67.1342106134534
T282,47.9666845385496,48.2271696995628,50.6751059335479,51.6461203658708,52.0451503114385,51.5179928387422,53.6287056491021,53.9651967505942
T283,39.9950402794783,45.323816029285,49.8810027948878,53.9879309201559,57.3177683924183,60.5962347351982,63.4566658627138,66.3523211891286
T284,85.6124340946703,83.0160190830886,83.649413819641,78.0720496605802,81.0030545352562,78.3677089302083,78.6455155124279,77.3646009281405
T285,116.244190739936,122.774476781142,128.100145851542,133.978569687231,137.164326987624,141.180700230502,143.89145973243,146.047246455823
T286,113.713186443716,114.45412783883,119.198297315719,120.046918854764,124.035031376555,123.436201007485,127.143340543126,128.120967233383
T287,67.3829420079689,71.1170530496101,75.2433879913633,76.4041292989529,78.2749310972225,79.9368068126455,81.9480684940462,84.2430840766386
T288,148.03428983755,148.692366601456,148.520864831005,148.630734583683,150.776132476288,151.83655704927,152.729619810008,153.726719890493
T289,88.8105210888225,88.3767352189313,89.7595891397193,98.4314641397193,102.478339139719,99.9002141397193,91.9314641397193,96.1033391397193
T290,87.7806314855504,88.1577737147637,87.7685852786921,87.6017308806377,88.8930597050581,88.5063983946195,90.555274320397,89.9319378239689
T291,58.743097188087,58.4408562007183,59.2075207650773,61.0155228643361,61.4819513791302,63.3597512506205,63.6780207060334,63.7970917453524
T292,135.030996695594,157.460938775183,175.914329387418,195.080525354255,204.562708785442,228.067965352084,242.87504637801,247.200360799047
T293,154.828910263085,170.755321521068,136.715016651281,160.256854117743,126.882677189094,149.73557527999,128.903008629264,143.307566962052
T294,59.2625806797919,61.8332179296774,60.9389911745133,60.5064896092352,61.5236060264785,61.166709826169,61.7322532509293,61.5155999139958
T295,51.7885152435862,53.1221410329023,54.265334976264,55.0961643617617,56.5194394520498,55.0250232838104,55.7914158524985,54.6139459702488
T296,79.2741031203431,76.4654539972103,76.2614573385636,77.7872366457156,77.7571187761449,78.19780427458,78.9495747306702,79.0488098117157
T297,58.3348347426309,60.2187787300909,64.3273029624268,67.8398653518665,70.8622948606355,70.6245669993224,70.3550527178338,70.6489193486007
T298,178.5578766624,183.024487326702,184.587749567652,186.410087375268,184.686663485497,181.643314914042,181.27675959775,178.81310571545
T299,178.091317799792,182.496755545411,186.099271276003,187.128412526951,187.449706982655,187.262407029364,188.15570955225,182.371653961252
