T1,85.1350211628864,91.884857968759,92.9017359092607,94.8378938978865,96.9542938287399,97.9982939300073,98.4748797938278,99.446379628605
T2,31.1386477436246,33.0471555778739,35.1815350711983,37.9151032559728,40.0203325379954,42.1887326073571,44.2607653381822,45.5167993552622
T3,60.3814718363201,64.5588400884545,66.6867891965979,68.59596365369,68.8101665900218,68.6404713580561,68.6758057620157,68.4045800131841
T4,99.6910031758805,91.8125704622424,85.5725524391682,81.1320802412314,77.7852355032067,75.2666949206683,73.3759856750959,71.9594086535074
T5,139.691901407761,139.297840293692,144.116229284043,142.972188324233,146.758672660605,147.319241748606,149.43755087981,149.500503963752
T6,66.7521678101131,69.4993414042018,71.2355855498335,68.0500779675009,71.2001681014646,74.8843507555733,75.2456487347894,78.3038395661742
T7,163.263637550914,165.32598652013,165.882153583765,168.08881343973,168.576703293664,168.03137830144,169.736843320126,172.394705235401
T8,34.2198001799907,36.7997623987346,38.6648624047531,40.2957026595295,41.745741443414,43.1069983971395,44.3678304196733,45.5413953080537
T9,40.9847082139586,44.9650746161662,50.1540313979251,54.5328578257389,58.1900126219694,61.133654193956,64.5342309267166,66.8442538345031
T10,123.797557652314,120.59684028344,121.415528313084,121.630591310354,125.548729048576,123.993501534947,125.132699100778,125.206120070992
T11,113.734273303869,113.399796379445,113.918446958482,113.489417459031,113.651613825614,113.453896182478,113.601938207738,113.210299636393
T12,66.1329071450584,75.2823010485088,77.7259675918959,77.9684095013216,85.7815806051273,90.3396034271381,92.5361097282011,97.9539132697826
T13,97.0685983700888,110.091240821462,104.782192616085,99.9203453598476,106.95266737702,109.990031365468,109.726721738636,109.460481393073
T14,34.3411015693368,34.9209359608722,35.8595392577003,36.1553206191216,38.2150649483563,38.0089098613562,38.4567517496975,39.225570112226
T15,94.6846992579921,107.38313727229,116.78503990688,121.501967863726,127.196080231679,132.623755208674,137.389874850535,141.197879734313
T16,204.027689612999,213.106679749422,212.529640106715,212.52918956089,214.787673527526,214.858426665648,212.559441904352,214.191060717007
T17,69.7838034270791,69.7251691137621,71.6738399515422,72.1857125664561,71.5859258105694,68.1793549080293,71.5041029462599,73.9544432329893
T18,50.7085484380597,51.5285043860341,51.9993579320145,52.1921936302659,52.3021041478326,52.2743517808159,52.7301137798386,52.9598630118041
T19,55.169396100143,66.5950687092051,69.8483497444087,73.9689614545351,78.7650041692383,81.2408123995043,84.925773103568,87.1695027924649
T20,176.654829859689,182.451350783826,188.349675085137,191.955177290454,196.438558430736,200.833415118304,202.294896719335,204.888877782203
T21,58.7533150687729,62.1139949466811,65.5585719400509,68.8101671618312,72.0129904745742,74.9620512437599,77.8965467238052,80.6574352589709
T22,77.7064511278195,77.7064511278195,77.7064511278195,77.7064511278195,77.7064511278195,77.7064511278195,77.7064511278195,77.7064511278195
T23,97.3401247072911,104.996524275088,108.445740308063,112.276214366118,115.018921919793,117.069509603106,118.080290018218,118.630162327317
T24,91.2924999603206,88.4948367310558,101.281040981664,100.76876285121,113.715272838602,121.120417005797,128.957759583081,135.722351752874
T25,174.49434891979,167.011054729319,179.325714487567,194.425192550368,201.178722071556,203.031977549001,207.107500145245,212.310636574483
T26,92.415858366855,91.0765814856505,101.930711302279,101.825914051953,97.9190553547543,101.160226192502,100.247857756538,91.6828655686806
T27,70.3624273591767,73.2651972519178,73.9984690812386,74.9637245537718,75.4952171606303,75.9568649746945,76.3366614221914,76.5823088152421
T28,75.2567720769306,80.2250114997913,81.0449867537977,83.2049102133093,85.3622363462338,86.9048379410218,87.7657836161213,88.7212689429428
T29,36.7777574549954,41.2530122947243,43.0580407411656,44.2649066099635,44.3997206564806,44.8987432647492,44.3797400670095,44.5676021449892
T30,83.4787959988731,84.5599959115384,86.8568819037696,89.8814981254769,93.3516259132213,102.328071930271,105.119715434349,107.761951436422
T31,94.1094314386794,82.4026695388415,89.990589313718,84.4316140566986,80.9703190881428,82.8005158188936,86.9378395994469,83.0912048790137
T32,146.586610054991,150.518033970312,148.48491629961,143.294860280802,148.355157959686,146.278658736253,151.479586072654,145.674276088704
T33,93.2818622303846,95.7370968797555,100.394134743663,102.558971688615,106.975150377872,111.358882367022,115.252015149191,119.280632954517
T34,174.715848392361,184.072405558055,186.111818678025,184.878761324121,188.868009472091,189.152499786657,188.900035695869,188.089696207969
T35,58.6105489103355,60.0748531056417,61.2122180609209,62.0420112899345,63.0316158880968,64.011057487652,64.902590996734,65.6876480363769
T36,80.9280158651347,82.3373917762325,82.6388999236695,82.7034016384037,82.7172005066566,82.7201525020547,82.7207840231816,82.7209191246571
T37,72.4801109185,79.5795611136936,84.9849500083952,89.0731579696532,90.3037531618378,93.2806996320037,98.0611295133699,99.1921512289475
T38,67.3955545404195,66.1127550779384,68.0538921568072,68.9408138570282,69.4103326939585,71.3144598190773,71.2694592090966,72.4453255828702
T39,61.7488884266809,64.4686920689788,67.0093972088977,68.8226754513632,71.1172576958191,73.2006129514258,74.0684112985851,75.0332389419593
T40,71.1458632295757,72.2075255887629,74.3637030333724,75.5789068442794,76.0146571715906,77.3159502436235,77.6844485017715,78.6569081247947
T41,127.386999273852,128.173352550094,129.351716552052,129.113387248783,128.496926277496,132.101630708349,137.398476066937,142.246937208182
T42,60.2111940992302,60.8631627189775,60.7741312995377,61.0424384279221,61.1880227698623,61.0616223265397,61.260134945577,61.2893191875139
T43,59.6668558031183,45.7354061520899,50.3834011531914,53.5024380214295,67.6429617918876,60.8795098960361,67.1883358039792,66.5087008246465
T44,51.1197466091291,62.6549419601474,65.3337044520194,67.4267472809386,65.2316955269812,64.4079282688352,65.3501538540729,67.6518166847284
T45,154.427163916912,156.537738965577,156.096493554114,157.956685212951,160.611468931706,160.470092319496,160.716809922746,161.82721716662
T46,91.3632240589254,94.4096714426208,95.4042686987613,94.6838409670362,96.233082561438,95.7128420131947,96.7228172924531,95.580660585531
T47,64.2827437724345,63.9705547297776,64.0091619197231,63.5761740807409,63.7005109750869,63.7301697642671,64.0232512640077,64.2586438974607
T48,80.9065532190517,80.2596338978092,84.5114010077043,85.9315520111486,88.2905356076896,90.914930616522,93.3065035775872,94.3703221961771
T49,46.6075411056857,46.3926883735164,47.1592289571816,47.2083998839907,47.7013634898886,47.9377701143231,48.3010741090892,48.5623868284433
T50,85.8012892603149,102.419337951563,91.6974425914751,74.5728946529264,84.4811930439526,93.5914283379473,95.6373675540544,92.6418352052341
T51,88.1016666974301,90.6326838161526,89.8212011060396,92.6067919468283,92.911718389893,94.6648314528663,95.0872356454427,96.2887645374942
T52,66.4148065372942,61.575491507584,67.2564524770051,64.2442763170925,61.9589689214432,64.4163342901659,63.4393329634675,63.9631199606033
T53,105.310203101485,107.857834268647,115.086063892332,123.053681195642,118.352426754741,116.899012125691,122.583987087514,123.093004157007
T54,121.966230836308,116.685390034539,112.999062424811,100.553380260472,100.932958873982,91.4745451015526,84.8964963384807,75.4549189850827
T55,160.688536135698,164.677114913747,164.938899053715,166.214112303904,169.498158610323,170.535007629118,172.603603118549,173.60857345615
T56,90.2162825864019,89.8382093447732,98.0223895199824,90.6573414972497,103.507239558465,90.6252133723187,99.4745600022691,85.8480757282899
T57,199.500522396701,206.697862094646,200.765485073972,203.80095493285,203.813859996511,201.828573308458,202.339790920296,200.437248440566
T58,95.9854722385743,99.8636021269828,104.805363227046,108.064045149577,111.497759643718,113.919172898929,115.597743287147,116.656136241175
T59,56.5313160325031,62.4080966185383,64.9343783765795,67.6183646537955,70.2990513980255,72.516078093287,74.4315245161517,76.1362338902723
T60,129.367738764041,145.633519853611,159.922717221744,167.602841237332,170.576957539422,170.727081106695,169.750098114594,168.716488631462
T61,187.216759234324,188.646818635244,189.69842513638,190.295887881396,190.131953599388,191.938072265047,190.507652015309,189.777791257009
T62,118.656372719009,122.399010980018,124.672540114404,123.722333787078,128.610026426968,128.835425349952,133.247242232966,134.835671310053
T63,55.6320136205678,57.6634275591478,57.9141240274584,59.0859048964819,59.8808149713768,60.8376522177222,61.602831793565,62.3830288797172
T64,117.055326476086,120.857469459942,122.519515595587,123.802240114169,125.513143150568,127.469979196409,134.279763838159,138.203939307113
T65,57.4835824779742,53.5991058391768,52.5023460265447,52.0635332063841,51.757164271143,52.1350101531014,52.2312161556092,52.8666277621633
T66,118.262209529217,119.914779031796,120.677583460401,113.743535343398,114.926967564979,118.270838325793,118.658196542722,117.922950585995
T67,105.506482598627,107.786025286719,109.715939795216,111.427194327933,112.18417153806,112.746856827184,113.293381478943,113.891085149079
T68,128.184169519827,127.874936809812,126.705066284176,129.374433227764,129.719060459831,130.493635718273,131.183990401016,132.908114268711
T69,129.724204285936,137.697460816095,142.914045230625,143.508031381571,151.001919262648,151.718899669393,151.140490127396,154.162140957558
T70,100.352245047831,95.065794014274,94.0002544512184,91.6801913868711,91.3163616792061,85.893783625103,81.5990834205687,77.0280198341241
T71,94.9663729291179,93.5382296870789,92.303772080883,91.5117603926256,92.9753744736765,94.3964861919483,96.7008593129959,98.4620664739845
T72,71.3884258973512,69.479298923518,69.9146923069748,70.2937398219453,70.4010233823868,70.5651000333821,70.7801343281821,70.5841343821222
T73,87.7638269175918,95.6366634154704,98.3670945738132,96.7871343530913,94.4005612941246,92.8974882737665,95.4808347008609,98.4296073329229
T74,155.375157146344,157.028364618142,156.171518023313,154.523655931522,154.498657349479,154.54692521311,154.677835005523,154.695579084852
T75,84.0886356171102,85.824770329194,87.9191158319718,89.9999254135898,91.7760509945821,92.6501269918347,93.5272336427487,94.8295611180825
T76,53.1424963103571,55.5760790311314,58.5425690758574,50.5983384229044,46.6621935349168,47.4178597229003,51.6044701366968,52.6811776104321
T77,114.645583625806,115.763882666466,118.144951183365,117.529791037502,115.829298469983,118.800953266918,117.843371965923,117.945565561095
T78,92.6628288938582,96.1692740283549,99.0066663333597,102.464065990004,105.862664347074,107.946879764677,110.05124956744,114.144342415262
T79,139.619641414177,140.523375060016,143.982401001684,144.393982292651,147.222773953178,149.258806831396,150.174315387769,149.456247993624
T80,84.7534797725467,78.1958400943819,72.499793232478,70.852049093575,70.0650165480454,68.6208396172916,67.250861075105,65.37883244949
T81,184.948880823087,193.448483410369,197.179067211884,197.235077061148,209.320271906545,216.126741333645,220.636374902139,213.709320481527
T82,42.5277984227019,43.8867849043362,35.9882915387655,36.4733075846033,39.4127703480961,45.0941767196221,38.5456141203508,38.9041298078587
T83,162.043293462732,162.002912074276,159.896958873637,156.453248179443,154.66773916144,154.656943470436,154.097880322947,152.942505852206
T84,116.193208813771,115.885145121089,116.265843975755,123.234224191688,125.955460383791,132.101444641985,128.320693984336,128.667001315988
T85,92.1334274262587,93.0495757808286,99.4472023934253,107.244481466298,109.896659305263,113.668442404638,117.198660885123,118.938277631146
T86,50.9470305821158,50.8807253598999,50.1998179087992,50.0886162757596,49.6682000836068,49.5430777991364,49.2831810007915,49.2058451941846
T87,49.6425746093098,49.9347371873405,50.0872091790011,48.9933009593309,50.2945045264932,50.5046431159377,50.826966258831,49.9651816147844
T88,159.280042919608,157.863981393284,156.974685644763,155.43021925293,154.645774172396,154.269094702582,153.906614617559,154.506018166657
T89,65.8546943644184,74.1104017314636,72.7741307964969,70.6884237656459,71.6799906425843,71.8130999053062,76.9546992737669,77.7950923059973
T90,192.545979991298,192.35927565685,192.323560704092,192.316728737099,192.315421839864,192.315171841528,192.31512401897,192.315114870921
T91,70.4071286305154,78.1881302709284,78.9854125519556,83.1749706359679,88.5394536368775,92.3596486855208,96.7346307603253,100.371013281318
T92,92.5904380239231,95.2937827807451,96.8860788513609,96.8807145418518,96.8744839974412,97.7459085567243,98.3132458271041,98.1831601647551
T93,147.713105843875,146.833060121012,147.565856562079,147.873779013155,147.575941230602,147.804759182383,146.662284141374,146.444924691017
T94,93.3508798141831,98.8967387114486,113.702565451315,115.173655991869,122.444970261718,122.750439112092,127.382512999188,136.263214517339
T95,152.126615387847,155.987379858205,165.497387143781,175.161652860236,181.622479501566,192.211637720319,199.911528656639,209.294527410205
T96,91.0211993712407,88.177949035474,90.7944192657325,91.6423509299253,91.0008139484996,90.3757839718495,90.4845495583344,90.7195530881177
T97,163.061035029254,160.186189943559,157.225375159205,156.153531086421,153.970901403331,153.216018290254,153.060063134266,151.497919592058
T98,63.975697100635,58.0943133651665,54.1128968226043,51.6031148267536,50.2126542022963,50.28142047107,51.7207829685616,53.5233626359943
T99,117.949398240191,119.521361609222,124.25192704486,126.248470237935,129.147357073993,132.258209891239,132.743433869432,135.655027965236
T100,80.8606302871881,79.3376541700406,79.0121964970829,81.2146550943495,80.3140340048065,84.5436061098638,80.9747596268174,83.7651846323324
T101,112.995144924356,113.371767059592,115.997709534524,120.095007723141,125.125508931713,126.868437692241,127.660098006229,129.082643956157
T102,82.20664317489,85.8735987322919,87.6908628270592,89.0153631896769,89.8660664833082,90.4335424310054,90.807686850824,91.0552493219526
T103,232.098723283029,249.646640851315,260.430280217314,265.992928279318,267.863290782131,269.187249265483,270.208810802324,270.8493164512
T104,92.9980812252222,95.6512874729855,97.5278267196413,100.030331775309,102.124276237355,104.559830933143,107.007661717317,109.46649972875
T105,76.6700212628814,82.0919737643655,87.8772423735521,91.8224047146539,94.7972240845757,96.7201041355081,97.300303504649,98.1064407393655
T106,104.428902693955,107.801622293362,109.659667770126,104.282307934469,101.798160795413,102.334627360033,104.164337015046,104.530588611537
T107,78.3359172972958,79.3363748430341,87.6053305502059,83.8692045884609,86.5994659994812,91.9841572207841,99.7350338391622,93.477686432166
T108,224.445741293227,210.631398323869,207.237296064264,206.209663005081,205.272320589744,204.720192862624,204.243247306022,205.653296907698
T109,75.4140617752094,78.7520911777467,81.4510381951954,82.3979927083189,82.3427636641206,82.8613289353162,83.4252800831214,84.1314251181183
T110,84.5499694125639,78.2958610154389,74.609568734617,72.677241649593,71.5985189161065,70.9349652043969,70.6331148298239,70.4238601634955
T111,104.902243369957,103.61307303506,103.717192155557,103.009946206385,101.455851839851,100.525561443224,101.578469705413,101.510373633329
T112,108.700108273451,105.402345674452,107.919872619115,112.92997048111,109.998660723634,109.533230373647,111.546365418576,109.999871855841
T113,164.276756020695,169.619491443144,174.864657882015,178.141094181337,184.527240080342,185.84809292821,185.489822856907,185.826675636421
T114,59.9027818254588,67.7871409887787,72.0840503459622,74.2504830031393,71.587868048515,73.1346092117045,73.0758013105324,76.1342628386234
T115,105.623911774924,100.300201995069,103.110539763155,101.6318784475,100.913749634982,101.138367913408,100.776279570758,101.404075299792
T116,53.0540566710131,51.7160477550942,52.7372346494442,53.1804164229744,53.2037791812765,53.7524513461235,54.1818046041342,54.0521629527004
T117,106.468864305312,106.999877064945,105.780979304414,103.78526658791,104.447107021203,103.333667473562,102.339858034792,101.736008008147
T118,92.9530465577349,94.2704567934887,95.9456897142535,96.8051800516772,97.072935715307,96.245963417606,97.3553126426223,96.9539716191944
T119,69.7379799334466,72.5840451828229,74.9209235074336,74.7207542033644,73.7974609527433,75.5970868947682,76.3879755947807,76.4739200214641
T120,94.5549659081131,95.5523482728499,94.2646168441715,93.5184802420715,93.0235586130029,92.6199425144898,92.2505890512644,91.959809981651
T121,101.077151448501,102.605448831744,104.340990761835,105.731904338649,106.899373135138,107.82080796947,108.480840488301,108.969145990215
T122,51.965122855269,53.2145293466846,52.6213903979855,53.6826081813764,53.9712527620302,54.1830109182794,54.4315023891706,54.8286204185016
T123,87.2875766941629,88.9113577392975,90.6564257526067,94.8890147976947,96.994055615961,96.6062524885109,96.4850638002491,105.181080139338
T124,106.483911612089,111.930441787409,121.152255648093,130.603366572686,132.815881932101,121.754203701072,124.322277030063,134.058548409786
T125,70.9131729784642,71.9142876579168,76.3457851049367,78.7228463623277,80.2747967241181,81.9248468869888,83.0205952869657,84.0081196004298
T126,90.7831461165178,96.3227054850414,96.2488962470712,97.0188857232841,98.9299184355898,99.6361979788779,100.145860400771,100.511213413879
T127,108.295187536202,108.96848794827,109.984528467048,111.731446742222,113.529373389764,113.450824929217,114.926013111073,115.409426694436
T128,116.567105616148,125.895563966104,132.054511940134,142.579191644289,140.978184934957,146.14026979346,145.310343389353,148.718929021292
T129,58.8772965741042,65.0460067684842,66.2816841639103,67.4146301902378,67.5613099411255,68.3494030308519,67.8764241429559,69.1803886303635
T130,166.201657900743,175.185769644748,182.898963976915,190.374753001616,196.817825367213,202.480610005179,207.833260592571,212.75721441516
T131,66.0002933384622,70.7896817373378,66.6775854271073,69.6943002144652,68.3161440260853,69.8864750205974,69.6263678442289,69.8825854871683
T132,78.4737040691766,82.7443181870568,84.4778571687722,86.0951721065643,86.4332679936742,86.8273193213892,87.0783212413782,87.2449833456446
T133,166.024355713844,189.663587303814,203.977496649576,217.498193817805,232.672497340594,246.593770832809,259.781292801722,272.379288945452
T134,71.3692965058117,71.0511548375563,73.3927679836199,70.9703827907654,69.7892985292712,72.4565517212773,73.6805101659198,74.5559692918167
T135,72.2058961544122,73.1865580034959,73.853988240785,74.3082356677283,74.6173926602594,74.8278023188767,74.9710053694593,75.0684681657537
T136,122.097599181402,125.00256529325,128.984452345257,125.962742072522,128.766446401623,132.186531178424,134.47551930342,129.219921142108
T137,50.8117947364144,31.740800313069,105.373297883815,97.3265124839909,150.037403711727,157.084582071868,171.97666390834,166.599885428831
T138,172.763231759967,174.479113778483,175.709988315882,176.815187264287,177.190204534708,177.258650494541,177.201945987208,177.089911432907
T139,35.6491653929745,37.7380454472164,39.432381435555,40.8934905648438,42.3692942780995,43.7915799744306,45.2098355065804,46.5602439094169
T140,230.183966579384,232.462723264803,234.69027857866,240.54148574287,245.928511056629,245.485946940407,251.189929460664,251.904974966593
T141,85.7225061905488,85.08248816499,83.0993816731456,82.8140094082715,82.4869952027952,82.9546616607222,81.6892241040628,82.4516385059928
T142,102.228120062352,119.065726681413,123.819400715231,125.699548211045,132.70297534923,135.251706956807,138.911905767666,140.58579856121
T143,73.1472408114022,72.0082715965681,72.0237528760704,74.4295051919064,76.5886366497581,76.6640842630096,77.2530268665306,77.2211315547099
T144,157.015900623331,159.836075951908,163.886002189722,170.156070419613,173.879455281019,176.37116709061,174.720948338594,175.939682300016
T145,31.1576606252787,33.2707663418609,32.1541990211812,31.5722218791417,30.9268191595472,30.5733274835786,30.335098277096,29.9985924733084
T146,168.709199297797,175.072527025761,182.155025981424,188.708691968537,197.011558027454,204.81871046197,212.036895327978,214.150597899447
T147,121.433782553301,125.112698970353,127.146686124545,129.200302087415,130.266301976985,130.643149951428,131.043321836955,131.62892663037
T148,131.910333935718,137.263127380855,134.635927523115,138.872777799889,142.078093109029,141.57043944735,139.504148935743,142.684177821996
T149,37.6933299034375,39.2499255356869,38.6164841889322,38.4520289787621,38.746102785732,38.8342778512046,38.8606549010877,38.9892699834382
T150,89.4891466656458,88.4612475861449,88.6184338209039,88.0920030136341,88.1381935478282,87.6815594287463,87.8253750820656,87.1010984212215
T151,171.033982859105,183.468852484719,193.579807042458,200.125839368349,204.36660590124,206.372258418023,203.52344029891,210.324720939476
T152,61.6799263641931,61.9847107452396,64.232950539997,64.9257342186527,65.3455696839297,64.7654588218894,64.6938394218225,65.6366436723198
T153,83.3725551616895,83.3670044686182,82.7480975368537,82.7969972230938,82.4030850654653,82.0254768048725,82.4286797812986,81.9085049393971
T154,43.1684802171439,43.5057302460854,44.2641670897354,45.2252384695022,45.2257201072995,46.1230902050188,46.4947181447017,46.7829288275642
T155,135.331974412908,141.067610809055,141.677554965037,143.909133854313,146.307215394747,148.260965100671,149.858794055836,150.892557769531
T156,142.907680408605,154.684059082939,154.94119845639,160.917715112834,170.80593360212,182.268503364481,181.368715499693,188.719618845723
T157,145.797422568568,144.282494621825,142.99915141614,144.533537444169,144.919631754876,143.618417950322,142.91231518478,142.224566112336
T158,127.010151137452,121.964169039329,117.726790154561,121.702331737206,114.269231972972,121.203967181909,117.15756531492,116.873932705175
T159,120.745532228692,124.502235175879,129.4759929625,122.588630223845,129.604138200016,125.64374207811,135.534647567421,132.156842192517
T160,100.269904734783,109.709472609306,114.354945627461,117.921600776198,122.431676373243,127.180195849432,130.605712616015,134.655315261492
T161,54.5627300959348,53.4538774463062,56.5608085567816,58.7830712762342,59.7976335187262,60.4740535576866,62.0861014619918,62.8760283015319
T162,57.7126256424511,56.7289243339477,56.3272979692778,56.1633216327582,56.0963732416572,56.0690394984712,56.0578796557285,56.0533233061209
T163,64.4976488655809,64.6686777985212,64.2442378394878,63.6422898492209,63.1607257784724,62.8392469805409,63.002359614159,63.4529395070252
T164,56.7953484978894,57.7570040571242,61.3814029284372,63.3683380638398,65.5773835501523,67.5012502851354,70.0170516103628,72.1680843267672
T165,168.153051210493,173.303343408295,171.957310508833,171.09179584459,176.605991833313,160.089608279515,171.708624396261,172.613339114654
T166,87.8293474961635,90.2296589083137,92.4750754929828,93.6875609465908,94.6479105723489,95.294760589784,96.5923429103891,98.5649387543495
T167,60.8099047306499,59.7792014225441,59.5198245183967,59.6236685888596,58.7537009651962,60.5603032617819,61.5780130311242,60.0773754428148
T168,56.3017436773759,57.9737079027185,59.1998671251149,59.2409685002512,59.9819269580077,60.5944697609457,61.7659823587132,62.9221330032389
T169,89.8322956676897,90.0341228226349,88.9841448654698,91.3877985922721,92.7010525655941,97.911446570168,94.5836007048819,91.1324972273326
T170,43.3452191920609,47.3612396136547,49.1018316286292,49.6478675083229,50.5846350032844,50.5847962854277,51.4187383478517,51.4586955441261
T171,84.1772973783899,92.2918216960341,93.179856994876,92.1356803315936,92.3258568602867,92.2171830405495,93.0039019592514,91.6805104806492
T172,86.6790749851859,89.0559477931356,91.66413977885,97.2300419479901,98.6075822944653,100.488357392944,104.018674560413,105.251433252685
T173,56.5922887156901,60.5857066911491,62.4618600102426,63.9300721498009,65.761154497076,67.2798315580985,68.1378161234238,69.6241574657085
T174,129.62388288065,139.999823275159,146.991135360264,148.795116258824,149.567151191556,151.09938154827,153.29556967964,156.605669568719
T175,58.6177462009152,67.7416417587969,72.0424539106335,71.8051719841581,71.5111445726378,73.8866706133021,74.8532594040433,75.5491997810713
T176,74.7127401615999,74.7457587641094,73.5342227148486,72.2885819383245,82.8001365311152,82.087969799163,75.3717443780006,83.3177678190508
T177,63.5059432089845,61.9242950516699,66.2787577946021,68.157732693971,68.417817200309,67.868462959102,67.5941123111576,71.9285134783046
T178,77.0432716107567,81.5902563821984,83.5274470963799,86.820267304479,88.2832913314061,90.9115273394627,93.7675456157243,95.6886110163018
T179,61.4370916687067,64.8988749907305,68.3524339792323,70.4251560146405,74.0662720767099,79.4543723348303,82.3375237470315,88.6548515287061
T180,157.810955007519,149.808810065711,154.029985812914,152.002483970651,153.643351954632,152.771405556701,153.05734256828,154.324874049818
T181,78.7655515758781,76.474296321658,80.8087229124875,77.6837867531301,80.2519786443838,79.3622182869775,81.0851826069533,80.6056922314675
T182,80.4278125431895,81.4010109750898,82.7083691266043,83.5742028949894,83.5302049606825,84.8764462998031,85.5470624461603,85.7824368414759
T183,44.8244671040989,47.928930198761,50.2399069221229,52.052536261477,53.3299826890727,55.6719065348164,57.7109449127623,59.3429164073094
T184,146.369782476408,149.484185491221,152.660329871646,156.031217262117,154.93039348421,153.814970900683,154.9043783285,153.991302637273
T185,47.3129040108493,47.269369728149,47.2653122457166,47.2649340802187,47.2648988344361,47.2648955494585,47.264895243292,47.2648952147567
T186,39.2580110239808,38.0100616847269,38.9729223096045,38.0293484644094,39.4643278501902,42.4362457005875,44.0169788519957,43.8174672503169
T187,69.1209096609993,78.4847210294981,80.0820901913734,78.6437146931748,81.9548393542778,79.424296642773,84.3755226359708,81.5201211491717
T188,100.719091161287,101.930957533572,101.941014202031,101.780083539096,101.735600322309,101.729320173592,101.744737107022,101.748988374652
T189,115.170664278186,117.753566092903,121.845255748364,125.428735684432,127.569029328376,129.114198833699,130.295623524524,131.136161771843
T190,192.385283378548,193.743415893208,196.803152543472,199.143196008523,200.984478709156,202.44202068449,203.725118448188,204.950517051599
T191,88.1573123417198,94.9655865476573,102.134446840038,107.955307163938,114.651863247776,121.759426194394,129.169208019696,136.088980501161
T192,107.593771096151,113.118707234761,114.580821789675,115.68714050992,119.424777226675,119.731954000037,120.267670106373,121.103497561317
T193,57.1801367146873,57.801404861274,58.8689524279185,59.2759253580419,60.9682415490497,65.2002908378147,65.6184257868831,66.8490118413623
T194,108.8590900322,112.907324837453,115.482656531599,117.416442841246,116.183476519949,118.892780474718,121.828378017353,121.259499736544
T195,88.1525608179963,89.1330628634931,89.3167943215226,89.8653013488,90.260011268031,90.724636460894,91.0169219935331,91.1690321422653
T196,74.7088583674322,73.3700361432869,83.3179398946035,81.3761280350101,89.7675919928203,87.8948046314299,92.3428966040586,94.4198488422002
T197,104.761760397624,103.399801276229,103.989687611544,101.446041525919,102.577028561223,93.8712426430149,79.0360176215428,80.4952820593776
T198,95.2367060663352,123.120076298961,112.962899209239,110.431077665621,112.982269933064,112.739023865159,110.115164232662,110.439345628842
T199,108.80048334232,116.09125679023,120.567816563801,127.264869900856,132.577096181521,138.236747416904,143.426760588566,148.26973070173
T200,118.511080148794,137.44519170201,135.275581970659,131.13348545985,128.63243053918,133.330360597616,123.347715053593,129.360155386481
T201,44.2263958391725,45.8841620921525,47.7590193952919,50.1497399906467,52.3504511769771,52.6946778181391,55.5126468022666,56.916437557428
T202,115.054230640924,119.546885287766,124.924193299634,132.891374045653,140.831391794979,143.614431154837,146.122426418851,149.199657858569
T203,92.5146834078106,94.5267622685501,94.8957163594715,95.212952815649,95.6553541137246,96.5556051343923,96.3717679792395,96.3647241050302
T204,66.0929952913451,65.4008855995151,64.3042323830529,65.9114770105887,66.4783861676697,66.1437026808874,65.4768687933908,65.469199204177
T205,114.291924458174,120.166071447168,122.605259840928,126.22925252585,128.410418968856,131.062476548412,133.007328867331,134.700054146127
T206,129.032773443004,148.780102246032,159.47665558806,165.455191824953,168.941164934535,170.976455485946,172.199770582514,172.875836329186
T207,71.615168703911,75.9883953266325,78.6354077186515,80.2375827733579,81.2073420814982,81.7943148426596,82.1495958071766,82.3646391142942
T208,94.2347816966787,96.3945529298092,98.3660814725077,100.160709771917,101.326952266644,102.50594465536,103.468508895553,104.28628287882
T209,74.6104757083755,79.6577448640033,81.2822856790206,83.6822085897521,83.4088080884498,85.5891745832468,84.3904290723893,85.6433395892391
T210,104.906196666058,102.294927542691,97.0356447150355,91.7194918336789,90.652602221094,94.4330039095638,96.8169516007572,95.9861115659555
T211,153.69639173024,160.613340547242,166.455537164412,168.950645782921,171.316675280974,171.272333452808,173.558935676971,175.528735896754
T212,85.1195502493263,86.5678913460029,86.9106766565007,86.991805176131,87.0110062226631,87.0155506194993,87.0166261620521,87.0168807154779
T213,78.0064664153155,77.2792662951244,77.269580460822,77.0357931446654,76.8741310003621,76.7442640529136,76.6914856049314,76.6240088129204
T214,84.2361234277425,85.9871670269176,86.719854060491,87.1820946055539,87.6030609839105,87.9218315702189,88.1440050663956,88.2885371347995
T215,68.840149838346,69.7785020389057,70.0386101269794,70.1107112180633,70.1306973990929,70.1362375015538,70.1377731994058,70.1381988897083
T216,74.2714914421943,79.6361148765322,87.2533999900339,92.7057120204116,97.6100258663026,101.823654661352,105.329897759104,108.44617730836
T217,72.4957465996207,82.9371551591614,85.9273731720358,88.9896304166613,91.484744625648,93.0030676617743,94.0429151402088,94.7921868731953
T218,43.3467039494311,44.428179236007,44.8396851504324,44.5096530921387,45.6446751546987,46.9784039489972,47.9452487691269,48.7250571962549
T219,119.563252797852,124.712199033636,127.548422703571,129.136553654619,130.02495042049,130.521626986526,130.799320635284,130.954583227825
T220,74.0368801381318,82.8352667447426,79.8475548414763,88.2801898372357,92.4201521370457,95.850569788101,100.905087141259,105.401087321547
T221,109.628336341113,108.800257400255,110.365358354635,110.215150048419,109.864147335284,110.353381964684,110.260831347697,110.419644780738
T222,72.3032466472272,78.8561419505242,80.285720137956,83.2188156514187,91.7012526407948,96.7463620057649,98.742679512378,103.45879651068
T223,54.6152850753839,56.5400775134296,55.5975984954367,55.5461612700787,59.1145342188723,60.8998943761318,62.6573323698654,65.3737653485174
T224,104.859929303104,110.207945937189,119.853495575413,107.845430520564,114.939761841424,118.508333523992,120.273192993629,109.979687923469
T225,86.5780611675792,91.9124323490956,95.1439852588233,97.2971334175291,98.7447353921042,99.8407341718814,100.63775892492,101.203793239811
T226,40.8749988153388,43.4241789265528,45.2442440571214,43.8037571046475,44.409735376358,45.086088260086,45.3826374700841,45.3822800076653
T227,223.309960149471,224.529425902449,223.791137296058,230.425030961093,233.519670357233,234.498603097965,229.489886999486,232.017694787973
T228,89.3732017542456,94.8377267807492,94.305897961936,94.8325749874657,91.6591998225392,93.5586267291672,92.5715397656648,90.9127966185153
T229,115.465537756077,116.351973098935,121.762765862385,124.999970957431,130.177251535064,125.505946783502,135.64579492202,134.516817990949
T230,101.855483661267,105.11431934095,108.222865503634,107.632623572128,108.128072767315,108.828731916521,109.456292416614,109.675248651378
T231,100.284002984981,100.656874264877,101.000445183891,102.15787261351,101.360166234188,101.735507905386,103.002952648987,101.756613958257
T232,74.5222691993054,75.7444901855479,76.6677553848404,77.3642409726929,77.8896769227333,78.2860705056129,78.5851133928555,78.8107140383742
T233,85.8273401493114,87.7151254532592,89.9517132805464,91.5469237144949,92.4519929210389,92.5239540368811,92.7116590532224,91.6037502794401
T234,51.008869727613,52.4172100872516,56.2214682537608,55.5779620179253,58.0996517091011,59.6789559596679,61.7291200879651,64.0242830336161
T235,111.92943714918,103.212194137409,99.1398402646348,94.9010215619811,92.0077968827727,90.2237500734349,91.8526909660233,93.1780406585593
T236,57.7171845694887,59.6023690911537,60.2091922141248,62.0137888005298,63.8286638456757,66.0510759019849,69.3419514410272,70.9164624954152
T237,109.516634553041,110.681185175385,109.007068394869,111.243947541944,108.577622475945,108.923175741864,108.071406888222,107.43663112041
T238,60.4611494730391,62.8542278144831,63.8235104448549,63.8889326730136,64.2339601958365,64.5283448129627,64.8744972885578,65.1900794479945
T239,73.7456652265899,72.9961181914053,73.0256451046951,73.0353383954569,73.9504632123228,74.8285320564895,75.494678404404,76.0002302133514
T240,99.6761834571481,100.212809157019,104.905256246867,108.866368466423,111.779818676826,114.929698121926,113.493801809912,114.024590738555
T241,134.442463461749,134.252492922347,139.034738929047,144.263712755438,141.771326785688,150.346294173698,157.006610375774,158.758559598625
T242,130.047852489322,125.517953977388,123.075432821518,123.301972319061,123.424122410046,123.489985735822,123.52549923931,123.544648119436
T243,99.2648651629762,96.7308888067438,96.868217827068,97.9371983951635,97.6545729609579,99.5318472591258,101.689844535317,101.06549244231
T244,58.5376470094818,60.7258109894657,62.5008164971975,63.4800750056128,64.047092922053,64.3759315195567,64.5659196296225,64.6758473930059
T245,132.00902469225,136.171870372763,137.710192028352,141.858122562427,142.081478605047,144.118716767179,144.402406766169,145.168870501358
T246,60.277709747069,60.5681318787528,62.3019518086812,63.0232900822634,63.9499285476911,64.6418417978823,65.0939970486083,65.7263720485097
T247,173.181808601833,175.753991675532,176.356783324387,176.498047675143,176.531153005703,176.538911246941,176.540729392421,176.5411554752
T248,130.841734007587,137.505600700922,137.649377182768,137.472704645352,145.313494400233,143.658424971205,141.845324503074,143.959804961558
T249,124.741058411238,129.858857201349,131.983114449758,133.06884717111,134.291794479768,135.284715871126,136.585610511653,136.984107443968
T250,103.686281004582,108.358242744501,111.521689508225,110.759451515679,110.4243774081,109.859340619824,114.279598435203,113.970896164286
T251,62.2667626541354,62.3014131066471,61.6521898173541,61.8956710042644,61.9494424010641,60.7627368410778,61.7226377901424,61.0005820547057
T252,201.534621158813,200.948046929226,206.403761553866,203.116656141004,193.991393060062,193.863939290596,193.176316690551,191.613159496726
T253,132.333121839021,151.776414577534,162.508054020306,165.389234402426,169.340671245966,175.186976281326,179.308976168876,185.013832587582
T254,242.962795205313,243.656431957904,244.828940447263,246.785624029284,247.29034958471,246.800660839883,247.096894927422,245.62414435175
T255,165.972155971596,169.528624622464,175.140836616136,179.998453395097,182.562053532703,183.941686763637,189.047755366953,191.433555094637
T256,125.05149376344,125.551426043749,125.844948199313,126.017282051718,126.118463363322,125.698327506853,125.694622822913,125.142345672093
T257,97.469029276783,89.8152387081256,92.8840409747651,91.2408478111781,91.1114737078335,90.0451607806853,90.4038494639473,89.9594454931754
T258,33.5389181980435,36.871241937293,38.3384949000868,40.5781115652624,42.3965306220694,44.2095636864507,46.1834278378112,47.3457458801283
T259,69.3631777341975,70.6137068927155,56.4452738577182,65.0848362300832,68.7629733553304,70.9275761236937,72.6282565278865,73.5971838176852
T260,69.6177700807961,71.832357798282,74.9774780868542,76.8695093209022,76.8080716766368,77.3756673657469,81.6328901857763,83.9116679371115
T261,145.940468941654,142.284722619383,143.028624680017,142.240763661746,140.295803491037,137.576577505109,136.556447312668,136.270416300886
T262,78.1598471705247,79.772001559411,82.2695005090809,83.9776239786916,85.4585304911148,86.5510475183545,87.7633450471675,88.9244997871728
T263,36.6456877949788,36.1600860410819,36.0611018791002,36.0116509585479,35.9843530165655,35.9752657049622,35.9953461577655,35.9476531786836
T264,76.2268114269353,82.3126202858081,84.8966972111783,84.4597041992519,87.3229389105942,89.5348616681181,90.7421237386563,91.9834565993625
T265,50.5275203851453,50.6022895976547,55.3903227441467,54.2346279274236,57.2615685404841,57.497258677564,59.4737836249052,60.0217723447062
T266,179.90695533436,175.708002817812,171.789011743226,170.328903324773,167.641599656227,164.787139227632,159.867502087067,157.486935983638
T267,47.8727866929122,52.8460305391505,59.2199975225896,65.2223779976493,70.416717323916,73.4025140678197,74.8641254815499,74.4695529836643
T268,92.3333802864438,96.2579587848899,98.4265933591035,99.8958901792394,98.7558146484502,100.683703343899,101.998658433732,101.771916824638
T269,101.900146991799,99.802360436501,97.3927760189224,98.2290672971686,98.6121109242948,99.6025450254646,99.8753000492872,99.6510340077854
T270,104.534198054354,108.945507096798,111.538829089901,114.0053030745,115.894717654156,117.240170641325,118.504851279963,119.48427649804
T271,72.6773890371823,72.0741234266864,70.8956200553711,70.6355125297566,69.9948819010538,69.945225505699,69.0808859909148,69.5383098815753
T272,96.6099165515778,100.707396508728,106.370174925097,108.260854529703,107.306529865994,109.721950236165,106.1268197718,101.425524930753
T273,124.528672562879,124.547815455803,128.293414861566,129.870388817406,132.016102148503,133.475113291671,134.987630958049,136.389823890257
T274,108.818695817656,110.930797207587,109.565803201564,109.232026576349,103.473376760061,112.280973872057,113.559788018873,115.133855371565
T275,146.926192793561,148.289898025519,149.813529285216,153.566124763866,158.643465412221,162.652459367255,163.974252851294,165.361577377922
T276,76.9082723068431,79.2751241321118,81.3959724791559,84.1181050346379,85.6599439451384,86.5866173570884,88.0186070234937,89.2335248257509
T277,45.7625379125025,47.9066863817487,49.6130273431588,49.888505964092,49.2143325936689,48.943171876229,48.9083278286526,49.7695617476773
T278,121.297614502702,126.137541507108,137.717279513312,136.644953504933,147.818340304758,155.560904105747,158.452327418824,159.41505868571
T279,111.108158130659,111.830213080732,113.699296512073,117.822462159836,118.407711603732,120.506339639441,122.106452508217,123.586956704357
T280,118.516860037679,120.16275486144,119.744705947428,120.470611012711,121.298054548961,120.649098042158,121.647453083847,121.765245055384
T281,66.6243123500771,67.364987989393,67.3597948503891,67.1929355364958,66.7998401894527,66.9610389251519,67.2920206901826,67.158386655974
T282,48.0128212647053,48.425914547173,50.3659026603275,51.1661425336458,51.7602755278673,51.4001823669556,52.9579793149949,53.3580654184897
T283,39.9987640047494,45.3055512410989,49.8700454412072,53.9759003067127,57.3184864101753,60.6008671273043,63.4656890226282,66.3473961601766
T284,85.803832737217,83.5413831316629,84.2947022376538,79.0401108464011,81.5639304869712,79.2048682368655,79.4866380628113,78.2726211175382
T285,116.219251326379,122.758915649179,128.0881860478,133.933524098084,137.121527032567,141.107981302563,143.802234565351,145.944258076383
T286,113.693196290711,114.368469289857,119.150200626483,120.022862241626,124.02553695497,123.425553065591,127.178158394564,128.143323387104
T287,67.3939360729806,71.1156770814335,75.2099752950599,76.3811093047907,78.2567803488735,79.9261330161471,81.9344574946453,84.2290464207852
T288,148.007858129899,148.64666073441,148.466849340795,148.560762231825,150.717643418829,151.789196293382,152.683850750435,153.686976032682
T289,87.1945184368716,89.3869949490327,91.8657984702686,97.2409402221422,98.4571991479423,93.7552638549098,91.9027622625828,94.9188327302972
T290,87.1951263102558,87.5443552711745,87.148785573041,87.4489920896712,87.9713689770988,88.1434645944005,89.4249428930561,89.1379092053249
T291,58.7721593229404,58.4863268419644,59.2524966920424,61.1132969894973,61.5957723794437,63.5124043047946,63.8319544519427,63.9411770391814
T292,135.053842448214,157.476838081793,175.907170118376,195.045746972921,204.504244632451,227.968347856083,242.753121603105,247.053951865952
T293,158.969941988671,171.203302687318,133.023124132085,159.077817581747,123.818599237254,146.721257447518,125.382235191199,141.143441903439
T294,59.145475800577,61.7809510412528,60.8719534295786,60.4230492801335,61.4648341013434,61.1108967076721,61.6913987073834,61.4409877673614
T295,51.799336042171,53.1347542974712,54.2584105484944,55.11054200656,56.5224331647199,55.0465176260235,55.8063626284551,54.6391339129046
T296,75.3829101822708,75.9535560400497,76.7613828287298,77.4529467766071,78.329653913086,78.2040577749348,78.6651127215036,79.1803593661438
T297,57.9909388421482,60.1514149284138,63.7957781245822,67.3732917569542,69.7252189141215,69.428517536381,69.0687636086977,69.3517850496413
T298,178.68698578427,183.103044744173,184.674460090636,186.502361752377,184.743698623625,181.624390591066,181.207498222322,178.811765626529
T299,178.221075699033,182.546668440564,186.021586387766,187.01100368947,187.314713838803,187.133346987561,187.984961793656,182.461113736369
