11.5938560245544
12.0106114989521
14.5381083038595
13.4391031745211
16.7571593663744
12.7462454357625
10.913581226815
15.7230643948157
6.72813300436716
13.5787222431637
12.2236265753515
19.7682047788684
19.5187462654766
23.9428130305992
7.44392841031475
11.948013739531
22.6069402426981
12.8708684437778
13.2289783104805
17.8331694724836
11.7744031385
14.120999758274
7.9175782757033
27.8486836958145
8.00336543402088
11.3781866972475
11.3924201946606
16.9137531054832
18.1752452198229
11.9024326840974
11.8455380913084
19.297633489866
21.303173431028
24.7007264897513
14.6639312293765
7.1394745628588
27.0045083211858
13.1908390452311
11.0512571220198
14.1594187409759
15.7080158473676
12.7072205314957
19.1447007966611
8.05397613283425
11.024333325785
16.6136313348021
11.5938560245544
22.3303380279106
13.5013197610701
12.2236265753515
18.4096668893591
22.2706252255009
9.48744643154506
14.4355323115844
4.3856580923574
13.8778455288782
10.5620391448007
14.1215428720228
18.1201788729235
22.1602614613953
5.3633097742888
16.67947484289
12.2803410925457
10.0626790556882
17.0436124042617
19.8361243284961
15.4483139990524
40.4032318507902
11.8360038400085
9.12883267436865
16.4853842541035
8.13108770580408
12.4930221478613
18.5964206280337
11.977667787015
10.8421700580365
11.3330267480392
13.493563416418
9.53202237526178
17.6553512727741
6.80640225873745
9.75231742252669
23.223187726947
15.9414456644821
12.4516865862472
7.22967020322281
10.7731241083213
32.5249940439444
24.4100891046197
16.6330371617773
9.94354421198901
27.4301919552865
18.6165826373147
16.5463951401774
28.9857509374219
9.47832172622512
22.5388276959329
23.4780019149328
12.8234073817916
5.38426773798099
23.2165083929639
12.1850044654954
18.5805750486102
9.11186772275787
6.96172927858225
8.99976554377787
16.7895111306287
20.9813685314235
24.8053569023411
85.5803100934601
9.53202237526178
