0.199600005813763
0.891006605931784
0.422090651610208
0.585983901711545
0.685833362708605
0.661938858385698
0.819630315950033
0.59249729051582
0.9647079221597
0.511368928816451
0.438103069405201
1.87592381706823
1.267379929968
2.15331053258786
0.443570055263338
0.630056608283115
1.47075974496491
0.608410229112929
0.483409873559853
2.18895378649976
1.16917781866998
1.11709998023275
0.615080178152748
1.26700240237229
0.407093635932978
0.185443966343771
0.945154554388627
1.52413797494739
0.965327046672178
0.217541285297377
0.873746100159346
0.767046723233579
1.12402449508775
0.65663431456064
1.54314598521485
0.631420502652067
1.8344138919188
0.587723612527325
0.598705273791153
1.00953117653268
0.935183231272729
0.872164736012488
1.36910860195191
0.580471709549585
0.98186480279831
1.18773542727613
0.199600005813763
0.557625476713719
0.716923648576495
0.438103069405201
1.06689375869315
0.59322098910255
0.715771557138849
0.808437112549016
0.329524465068481
1.10278004223869
0.733101901191963
1.02126784511326
1.92365114286139
1.28647916983132
0.540330862734291
0.972255905418304
0.960144989101105
0.656534133099361
0.736692659475028
0.900873937673372
0.585741808146234
0.636686692535821
0.660916552373013
0.637755298535665
2.09957865843794
0.542398079803783
0.403974995977752
1.22051274803751
0.878666382330104
0.611397937623301
0.813220331579081
0.987506145665549
0.842122673426143
0.739609041305122
0.56398405619575
0.5598316401012
0.639559291607745
0.681636182284592
1.14580241355654
0.426855755374475
0.400975520891814
2.28393599964013
2.33077806121722
1.05248284122365
0.658123322101772
1.42838479754818
0.44907499352918
1.36999749819973
1.27437071928937
0.580301440909582
1.93532911017552
1.89954402255692
0.620471822948729
0.27511277602495
1.38223222693322
0.767097248969933
1.94791660648579
0.346318171488256
0.582286168186841
0.512506235073613
1.3094368179156
1.45801850847985
1.298386739675
2.71599902525032
0.842122673426143
