0.0432950617232396
0.0882722493395655
0.0796522940728262
0.0862053885599874
0.0982883321716092
0.103563110194637
0.0730959684144957
0.128259167001915
0.116590612989667
0.0855772484056276
0.0740972759462347
0.198159693261349
0.135338333126066
0.187159252653538
0.0546215514841838
0.0702635884999321
0.152433783180449
0.0836720471968336
0.0733543119461367
0.15037395950546
0.0996928767230061
0.112020526347226
0.0987414368875718
0.146257526511182
0.0563023417385543
0.0911517187538824
0.225771902514283
0.14370423264357
0.10948818181715
0.119978486957465
0.0986630549154391
0.146629552564232
0.140692667713678
0.0973927106798593
0.121023857127206
0.0956417881542255
0.272521317920379
0.0652447161554489
0.0822306024150592
0.111124109175772
0.115721229212192
0.0868605965013086
0.129741543680035
0.0619393466693914
0.104641183775848
0.134419715661963
0.0432950617232396
0.127926080281501
0.109213662659757
0.0740972759462347
0.157035949436383
0.104840188418944
0.12150901116426
0.117884329792314
0.059691982048879
0.180913330151489
0.0869616063135336
0.0976328795333653
0.208661347805223
0.196235413557498
0.0477318879587909
0.120277528060264
0.127361849365942
0.124284653288245
0.0875385551398407
0.111232361141427
0.081562176888416
0.1305838577235
0.102813914902034
0.0816941228880055
0.185731887508794
0.0727925939613613
0.119518008679449
0.189953129746707
0.113464994129344
0.0978758003880063
0.0964469641343841
0.0944362007316072
0.0832559618064625
0.113599632399852
0.109154108047859
0.107582366667965
0.106413243709207
0.12081812621334
0.145861381133217
0.0735500645682337
0.0773740545375556
0.403025428502344
0.372994188123635
0.124217099652482
0.106596651179564
0.248513421691651
0.0964890722922855
0.128128491710081
0.194866233604277
0.059556087710437
0.265521396338267
0.173017962956192
0.105869303670802
0.054191620190311
0.151286757371764
0.0845544275485977
0.338599705267212
0.0533346143296009
0.0620081042723246
0.0665292313622698
0.15173568267587
0.203214583561457
0.127898379579074
0.459507516187345
0.0832559618064625
