15.7692345414645
13.0617652656446
15.8971659521033
17.3150442620531
21.3720740824468
19.749884615028
14.3138311589134
19.8963484716364
8.88213162231226
14.9570739443271
16.7059755345154
22.0710353158659
21.309458606579
26.0232130760217
8.98671660113856
13.2801671649668
24.4021980039957
14.9163305030412
18.1916789936879
20.1997451848873
13.1537190688954
15.5179688708613
9.38667619291077
36.2807762152829
10.5509960743214
14.8630879246636
12.6037213209388
18.9250796195582
24.2432889326016
16.8410778745604
12.6173003955082
22.2508544308957
25.6774552437114
28.6211586651392
16.7163718465807
9.06195413023024
34.9862488093104
14.9696608680527
12.3328670819641
17.0934763580674
18.4922092246892
13.9325233166404
23.6099866037679
11.3413511277348
18.2575103169046
19.2751831238358
15.7692345414645
26.1942071566606
18.7501360237898
16.7059755345154
23.8088881104669
30.5819175838189
10.7631942730089
16.4710289631285
6.17610202607012
18.6364204282332
13.6155510889961
18.044051842611
21.5194433957761
25.6004121794969
6.60032544585294
20.7890018383663
13.4459793966985
12.7315048273865
21.1457369568468
25.9892638458903
17.9441472062037
48.6291178314126
13.3358197577436
12.1463034071975
18.7468190948058
10.4444448225572
15.631535188613
21.3728339701686
15.1114417207153
12.3872523903648
12.9980018057519
16.879251469775
11.0413235386445
21.2064614741706
7.767646445208
11.7124911511539
32.9327997602862
20.7841066158105
15.7425469059902
9.05122515300232
11.7932685110704
39.616925099213
28.3646237352606
20.8289686753268
13.4049976975838
29.9299857902943
24.5159643186154
18.4278721376801
32.5922551009067
12.2209563839582
26.2390045056283
24.3958079762908
15.9901203359754
7.85514197427301
28.5699563775753
13.7555883836646
20.8902234199705
15.2756561424073
8.23826641285424
9.8175582924738
20.3412710390295
23.3190890424962
25.3805806120638
101.381543309847
11.0413235386445
