0.0432869731217188
0.088239773160506
0.079630434270494
0.0861776965295334
0.0982594068279147
0.103520416040504
0.0730714078545641
0.128206310531611
0.116489230536676
0.0855502188040601
0.074074694792047
0.198060018883418
0.135291223605901
0.187086075979463
0.0546014855922383
0.0702429278412166
0.152382218974667
0.0836447962258774
0.0733339323809287
0.150310459192334
0.0996504985024252
0.111976087832532
0.0986795797126064
0.146218968609517
0.0562825043607409
0.091114976018908
0.225546671430517
0.143642858490138
0.109454969999029
0.119917431714347
0.0986218975574406
0.146573721295676
0.140645780230244
0.0973734417295968
0.120973695663778
0.0955774414980981
0.272376150898602
0.065228552185273
0.082199948302783
0.111080169564222
0.115678510026696
0.0868308704873389
0.129697055589399
0.0619154356083492
0.104590870620552
0.134365307803465
0.0432869731217188
0.127889129454563
0.109169176332445
0.074074694792047
0.156968377298254
0.104815311717071
0.121431135812497
0.117835937005115
0.0596512057462449
0.180792343219371
0.0869256557462881
0.0975990558951454
0.208539010329225
0.196147222410052
0.0477106218904119
0.120233848626879
0.127295481497981
0.124207328873829
0.0875159794386313
0.111200929274107
0.0815405804640032
0.130562680793555
0.102769047509586
0.0816574921961298
0.185625636997345
0.0727599146062758
0.119460329116088
0.189855866626796
0.113410923848138
0.0978315514526374
0.0964058058702479
0.094402958140492
0.0832195394675117
0.113562765356213
0.109066260265882
0.107522632713514
0.106388599983681
0.120772119346034
0.14577579239373
0.0735125283214007
0.0773462391378959
0.40277222968382
0.37270657728211
0.12417066215573
0.106538836095776
0.24840075493042
0.0964639139568952
0.12807854176891
0.194800601149661
0.0595373670870324
0.265364047946752
0.172953664213676
0.105825353254841
0.0541642579477634
0.15123731770097
0.0845250404358877
0.338289818615576
0.053318947272495
0.061980481628839
0.0665046041202003
0.151666547684219
0.203115734662285
0.127865410375763
0.459381346648273
0.0832195394675117
