20.3854437555326
17.8499016468295
41.7488146938409
54.111911711585
26.5058829703136
16.1298757227508
54.2474791077466
17.3837891179031
10.9154842179734
13.3970653568372
19.0849014671337
50.2314762830372
9.47281214703479
6.37992313120532
32.0771274494052
103.654713509429
24.6792032676123
19.3663070529227
133.903520168766
15.4121229984896
23.9608697633805
14.309472304098
25.2585498229135
25.4569208202095
103.874392309083
53.5826368497408
11.6886117541005
37.4098136175032
22.2594237368148
45.5994437869742
32.1210995209458
34.8699187926889
32.5138056704346
24.0058350923896
48.9208514511902
7.91005574362585
14.0913241415158
44.1632650017592
29.971129928834
20.4616244511885
14.4866497757626
10.7880908388265
86.4507018204106
11.0210674936038
10.2051369339114
21.3766149216433
11.3810784225797
16.0863209444595
6.18583851073176
20.1470848113155
7.23490862704019
51.0185645037585
30.0811334543262
45.7811865815809
41.2956246529163
37.4600446719991
63.5026571102619
23.1455745940167
12.1789366598652
54.6828029969432
29.4136432461789
14.9108680067975
24.6870431872677
57.5301876097119
15.8968011971211
15.1001185110354
38.6765155714087
20.6606099694417
28.0225601110542
27.2101469168907
57.4309947046784
12.8393119795128
72.2458749501776
12.1135820888309
40.99446687998
32.9033762456666
27.9913633062141
49.4576268765066
27.929742052482
49.7036111825194
89.853448953002
42.4786389688826
17.5221708077254
22.3997662136519
9.1643534552054
4.8705439928385
7.31658671382448
29.0130493078537
19.4423245072636
18.2551767187188
77.7520919698088
7.34974828281234
66.9665565025568
46.5776164561288
72.6963447998463
55.3273896025891
23.5978359372427
15.468893174183
17.5106220867627
12.7380610787532
45.092501904913
21.1311837878988
47.0347681950306
18.0084568201263
30.076919678612
9.88118681046009
10.5585907025448
13.5172155407306
9.01296764756507
61.0422074798671
41.6142173860196
33.7227785709435
34.7338609402876
13.2468649223385
22.438185615016
6.46434917880336
17.009012812228
12.7569593338933
38.8845175133514
16.8246925855539
17.0605227749117
40.7812814448949
43.6719659378596
15.9843802193439
18.0130968324564
10.773423693945
7.13137756605852
41.8234312741623
6.33905955497119
65.7953523871146
6.32138909322521
21.7069604350873
57.2620586219336
4.66492613281864
16.1202640885145
37.1266599601886
122.529491229743
25.377632153707
13.7957287056581
38.6351108178257
20.2436476026073
31.0666808131087
6.29520858830114
79.9395230768423
12.560804546965
40.6166687366217
82.7552188550272
52.0686402386916
3.99960054588834
31.4286064348325
26.2977425345537
3.65375057953213
37.2478623301568
23.6296853780963
12.2711005312653
141.809470822671
6.36682632793922
28.1749743290008
14.2525344078969
64.3943322849438
24.7022082747647
23.3894667488511
21.6704442941473
14.6705145945583
21.9511741761315
21.8032816580089
14.6539409363121
3.58820834498801
15.4860726601836
14.0280951878661
28.8303509550205
14.2373288323342
6.7515216239362
64.1229245742859
46.5731667643872
59.7218672014752
12.4510177655521
28.6710837082221
14.6895492673504
10.6642097679506
4.26065967344817
6.71745055715944
27.671895706561
168.467941828215
11.2565217430833
5.83931197930413
114.539131935203
13.0448419058907
37.7284686389453
40.9123638481914
112.396828301686
22.9173180772403
80.7864343684169
14.0600027658316
10.5348970746287
15.1177839060231
114.475263858679
20.8994152370637
31.5918812150922
15.5926747339361
34.3152364328331
25.4264128500758
5.63496997668774
27.4316903411669
19.6054637222139
128.842746910867
22.1045798131948
27.1409038515525
32.3777366784611
65.4754865252209
43.7287697557081
31.6294554209474
49.5848024024716
12.0477809187712
11.1231138254904
28.2450420856785
42.6701167933084
3.57992094232838
73.8309242703342
83.5798428897252
14.438713610362
20.9056513850417
19.1187466746435
33.7036113688942
10.0740590727431
37.9411605983711
22.7209678428566
27.2207864639939
15.774056832783
34.4136447787731
97.331539403598
49.6698739174915
72.9067858335648
5.44140413995349
34.6645910916456
24.0796799273589
19.0952488792171
18.0165762220035
37.8817891360537
42.6997229813445
58.6835263893404
75.5138560157373
43.099279741288
28.4154592639953
28.95411800468
30.497516956012
40.5295369281439
15.594117641588
58.1252698858307
50.8853927800058
11.2167885528139
20.327882273501
28.3070669680312
61.3269839027558
51.0167847599153
58.9694674794515
173.345230859064
9.28768538813405
141.03237943996
16.5698040821312
20.5834052510391
48.4324968456739
5.15610633651668
12.2074290835327
33.824355888809
100.253751150438
72.4722431286589
7.97699069130152
37.9245697211217
11.5247432847868
33.8584841573851
47.6738414565126
33.9346626401626
30.8348847520844
61.3390913065928
13.6055767205629
20.9109367194335
75.5900225546122
39.4174694254128
18.0108339652672
29.2224500602148
6.24161298123033
31.8447272102119
29.7010016756668
21.1979746124227
25.283182326362
50.5778259874436
14.1336892138969
28.6268968479744
6.3936606806022
14.7064819097649
28.2735292306845
159.151661993142
4.35875270758773
17.0375534422678
7.4225437811732
14.2401559522795
122.111855600914
32.5900924695017
