17.998125
17.1370375
34.557175
39.1939375
29.9515125
16.279975
56.060825
19.3655875
4.9901625
13.2970375
11.6789
41.9726125
9.78135
6.829325
42.7059625
54.025175
16.06785
12.2766625
147.878275
37.7525375
30.1921375
9.4959125
21.3075375
28.70715
82.4056
28.5076625
11.0472625
47.504475
24.628025
39.719525
17.0053
47.3864875
37.7919375
19.28555
46.9444
10.2453875
12.6425625
31.0550625
30.0866875
17.538075
15.7357375
8.68095
73.4158625
8.6220875
9.45482499999999
16.5741
11.240575
14.6517125
6.834575
16.044675
8.390825
31.8459
20.1269
27.4507
41.752425
37.7395125
49.378075
22.5042875
15.3488875
5.946225
22.6471375
15.35665
26.0191875
35.4137875
23.5084375
5.676625
28.6214125
19.5716125
18.369075
12.9699
36.3622875
7.9973375
72.0769
45.1406625
51.1551125
35.169425
26.35965
44.044675
29.8343375
61.131
104.5328875
35.9989125
10.93125
21.4365375
20.3999
4.6084625
5.2760875
22.0130375
20.2507125
17.5287875
90.092375
6.296075
60.3000875
24.684475
51.02575
62.1967375
16.351075
10.8610625
16.2174625
12.049075
32.2967875
34.736575
12.9037875
13.6697625
31.363925
6.2488875
12.0050375
13.8300625
8.5061125
51.7313
20.9849625
39.753675
21.7151
10.9599
20.6753375
13.1696
11.101675
11.74865
16.9653625
14.5521125
7.2349125
38.09855
42.9377625
13.5644625
12.302075
11.231325
12.0030625
51.4368875
6.4376
83.3057
4.9009125
16.5744625
77.98675
2.8722375
17.40835
39.68525
75.4768
27.2337125
15.5372
34.8711375
14.6312375
20.2993625
9.2292125
58.618875
9.4931125
42.88605
76.7172125
41.61535
7.9142625
23.405725
29.43725
3.68595
23.2844875
27.2634375
10.43185
144.620975
22.919575
26.3655875
10.508775
62.680075
21.295625
17.9861875
23.51225
16.6415125
18.2147
22.2840125
12.551725
5.1664375
10.5285
10.1097875
37.8967125
10.122375
14.09635
90.431975
47.234825
51.0887625
13.1557
32.3545625
36.65885
6.179775
5.42565
3.030125
28.6315625
148.831875
10.1519125
14.197975
92.1549875
16.389
38.8564125
38.01
95.1332625
22.851375
65.351225
14.3009875
7.4662625
13.1994
87.6012
11.382
34.1851125
10.8406
35.3710125
36.7078125
4.8055
17.5869
31.73335
123.5638125
22.52415
12.426825
36.588175
61.8939
39.4782375
25.4614125
22.3593875
11.1308625
8.2638125
25.2071125
43.5954125
2.6458375
62.4544375
83.1366625
10.1957625
18.0949875
17.8644
26.4287625
19.495225
34.49935
33.032475
16.227775
16.04325
38.8565125
102.2648125
35.9506125
86.4631625
11.795275
28.0677125
21.4114
15.3015
17.1055125
34.3569625
23.620275
48.7050375
87.28485
31.5291
14.6125375
22.14125
25.6448875
36.7902
34.718075
36.564
40.8478875
7.553125
25.0995125
25.7682375
48.7144375
72.5540875
65.6148
115.705175
11.420625
98.2277625
13.5267125
22.3897125
55.889625
4.5700125
11.778675
35.6554125
109.5065375
57.825
8.4043
20.17665
17.8962875
27.4631125
28.646175
29.8051125
21.89735
51.5415
25.7380625
13.4436875
62.0709875
42.0422375
16.003025
22.4622625
3.8865375
18.0734375
30.86595
32.1410375
28.44075
68.439875
16.589025
16.511825
4.155075
23.967125
18.194475
100.6399
3.655975
17.4244
11.14825
10.15485
105.53345
39.1469625
