19.196622760354
19.8560040457673
40.6077404686566
55.2834922198751
26.1976748125399
16.7553456478261
51.7431223069271
17.9578950796884
12.1401523825412
13.1422125021821
18.7862703011525
49.9417824645216
9.96643564094189
6.46298457409057
45.4329556703907
117.945114536011
24.484310455089
18.8117325853845
137.247649084158
14.8418551540158
25.3442171512916
13.9197452415776
27.3051187267495
24.3230087202027
107.130807599005
55.4756638760471
11.7596956043135
37.8356514149763
22.0535814625551
44.3232558440853
30.3658525905129
32.483729379112
34.9823811180088
23.5494375411564
51.3193920564921
7.64072288442455
17.1279427460682
47.1161452073323
28.4087692386731
20.3941572702923
14.204183582192
10.4626851429706
83.8938069383252
12.3639804911212
10.4348775478783
22.5002050626267
11.1264494141367
16.0399744915915
6.09833037102652
20.374025700844
5.53820071269468
51.8155170074993
30.3797280190424
28.4452182151998
37.4642763991722
37.5469920398595
64.2901444364555
23.3158289198023
13.096008312835
53.5393885544411
29.0272488570331
14.4662886699687
24.9345853568992
56.1061778279927
16.7088389790956
15.7275499374928
39.6647737193403
20.3644084940823
28.6460111735304
25.5152925934636
49.2620235737349
11.6129436829987
66.6299307548701
12.1203269699343
36.1110065773029
32.6405712327808
28.2924614084816
46.6277556283858
27.3325897588554
48.7713638188428
88.5590447408731
41.9252805241834
17.0075884985937
23.5808453838062
9.44746000551128
6.00471318497612
7.17411519547066
29.527179937299
19.5279594479866
17.9657861412028
85.5887037017473
7.59843218668959
51.9300099577646
46.6532305125223
69.5615364057114
54.4375061002255
24.216600195933
14.7742919942133
18.6823432912956
12.6155533338285
41.1248835139311
21.2936216022477
54.6473745032612
17.8594229198244
26.7692460707725
9.09445878758457
10.2790560034414
12.7360655172219
9.91883717324419
58.7979490981144
41.6519130605363
33.3343761916524
33.1693186071495
13.2011627976789
27.6116699045516
7.80073493801081
16.0273824861728
12.8239724136498
39.0601584324172
21.7481882089555
18.8197863470486
40.6657951001372
42.9830701701685
17.6475757867178
18.9765413853489
11.2718883845503
6.47411712127195
42.8193994730024
8.57566732743482
62.471536383971
6.1851265160335
19.4624729050497
52.3303788143834
4.69570041822426
14.5204753199103
39.1113303051218
105.770855354785
26.8990235149989
13.9138888839169
39.7128994582482
20.1038204245626
32.9519993941759
6.40537816157072
78.4856164849248
12.0031764438531
41.8634352448765
80.6919046223266
53.4954944441154
3.42780537697012
33.146979613229
23.6065183759256
3.51492122682297
37.2327550842418
23.7898966968065
9.79567134669156
143.158840706924
4.57636527553963
29.6338209021177
15.6672756504069
67.9639247663005
24.1587417836762
22.8458695556
21.9920246649672
14.0845236990997
21.6032982782004
21.3773056389291
14.0441607531583
3.68146464926158
13.2006518353061
14.1426077575085
24.8607967239411
12.8300154764398
5.99672472809832
70.6289707028754
43.2576702028427
59.9837551976147
12.6272072097716
27.1266376082695
15.0691521082327
10.2682230864236
4.37254640473371
6.88090765285881
27.2083161560951
171.588266197499
11.1491656428706
5.90254302834199
113.860924181992
13.6867352702604
37.7076504198558
42.0588803649804
115.755772871736
23.0081414869188
82.1706265007144
18.0977616070893
11.1185800029119
15.5144793978903
115.294479451615
20.3150186760536
34.6636645434075
15.0404297238527
36.0114563955359
25.715448764761
5.82329286029787
27.7108815136553
23.700585739445
135.10571844976
24.153675884338
33.9727263511657
32.6504800574006
66.1142678396724
44.9525462523145
31.3480307869178
49.4494726847325
11.8563970891198
11.9884731659397
50.2620117821857
51.0257062770335
3.49948665787338
73.8740642313248
82.2983827144545
14.8369113445606
21.3019143001898
18.7728768283605
33.8525052142037
11.5956678244287
38.3024873129196
24.3874149796216
25.2529397549918
16.060777633387
35.2847628971019
89.3620457302747
54.0665414743257
71.4737386198551
5.9037591081831
36.35503292108
24.173497008701
18.9503153882595
15.2101206336711
35.9114100592113
39.2624735768731
57.8197497812619
88.8438468426796
43.1460603780082
29.419293872344
30.8857524705133
29.5317202823318
39.9396050779613
17.3525173099268
59.7283243884755
49.1926234443315
10.5242049796112
22.9025711256063
19.7201731721939
55.1152560301077
53.88557452766
54.9519365825176
177.646689626884
10.474983555954
135.63817284969
14.906463797084
25.0700647505056
47.5979987938858
5.20258344073543
12.4238686774758
33.6661772787697
93.722283086727
73.4265414244514
10.2571975271588
36.4629400142786
22.9867292479447
34.1385934343557
50.2955004189212
33.9633259984105
30.7405337856955
60.5023010545929
13.2298184156738
6.90652617599947
75.2213829684802
38.0983695844466
17.8052345907678
28.9231329809688
6.88249829235305
35.7752857032043
30.951536891762
16.6386133485186
25.3848127945693
50.4142928571354
13.3954074389117
28.3539548140455
5.23593368596294
13.0441805449776
41.6234613539432
152.961346412995
4.21349511432421
16.793942974105
6.66085433118603
14.8193166548996
115.852413168312
33.6187861994401
