21.4799889260398
28.8426374582
42.3300640807167
38.0847483573244
40.5811179279499
25.6447589456283
22.5173371449416
15.3063324075375
7.94039362193456
13.2805847843858
20.1835309276415
44.6281424890904
13.9886530102368
12.7878096734444
49.6275743317668
54.7798603981137
25.9139707215468
15.3902089265663
159.477929202157
35.390450308052
43.0064380745622
13.3966548871467
19.5349088851141
25.7379301924108
60.1611270665587
60.016846344823
9.17450610656094
50.5795171485831
19.6347524978663
44.7473179427589
31.0929034933439
44.0959249590231
34.2272474511513
24.2911817747744
56.3004091528046
8.77073416199262
9.44507221003494
47.2065304716015
25.7077948686634
21.9617090168861
20.4693894627561
9.80099797872858
83.4935443356844
21.2736617992269
8.76281670313594
25.7326172589873
12.6629248690132
23.9475749832861
8.41689729645545
30.7548735331259
20.72354336908
46.8295234188234
34.8870102133047
30.0911501278397
48.2396618882571
42.2101112668958
65.2899752166014
24.9508253493129
16.1751010705109
178.896339956848
44.6027121903753
20.4102821990185
30.1366130754346
88.0602576964283
22.422877414211
5.89236390786303
48.0186513277592
22.8131507900391
39.1967846898002
13.9240800411974
26.9686661040012
10.0284945099097
57.4161845339749
33.6353758765108
56.0498202275043
39.9789781141221
25.8151712859969
57.197123104907
35.5218177716367
56.2478546040987
98.9693827035643
43.7907317516275
46.9136774148609
23.6072340141529
16.5505990217768
8.83934120705511
7.45307777814677
27.3883510428593
27.3400164509444
23.9209738938765
97.2248263029201
16.0231303642307
36.9594967643582
39.6474227624108
46.6964231535752
70.3937196347657
25.3334949868879
19.3245836506609
34.8902036817236
9.25749802667783
43.8116319795896
36.1470940691062
67.1308794710253
10.7408607443783
49.7435669661742
12.1327397745891
14.3734337292813
21.4615612444659
14.2843865603157
58.3593040806296
22.2014088954225
46.8726388987428
44.0784132299228
12.5920694868889
12.7602940595158
11.3809322914311
13.2466904818702
11.1473659034436
40.5508783927522
19.4520524488618
50.9564481793257
30.1202312793277
33.888288286578
30.7358914091715
28.0549945193267
11.0580410428085
9.67745926890256
34.988297200903
13.7401144262808
76.3610700022671
5.62454866251743
23.3349863990334
43.6057723375021
4.19385586755461
16.0446686823347
33.8798467083858
71.6969516503282
34.1887110376133
29.5913365264542
61.8751723763351
21.6968014433804
30.0225905848371
9.8164418754274
84.731982161382
14.6094871801146
52.4941294815889
38.0126282540996
69.1644864957735
6.17195080566174
28.7581876028091
38.7510985284192
5.62491093723805
47.2241794651495
27.70211817095
20.1231022240202
176.78491707075
11.3826710860545
45.0527905182819
19.3018400144963
77.8245273567187
35.0999452408575
27.6677028125842
26.4254513714001
9.78668645796047
12.9097862288434
17.0388624352323
8.23702243925956
5.79680648549227
21.4198463604479
13.4359958910824
31.0107669502052
17.3300192984844
12.9724766047251
93.1572773485613
46.4638438295603
65.836407382913
7.6568795777354
30.430967830123
38.3241671663751
21.5288952178979
4.54079367329926
16.4805749082272
35.4572260231636
147.547294764819
6.78229600199068
5.69711999794472
115.877817534681
22.4867177185538
36.0093399278462
29.0838623175006
151.27657776737
20.0119885396223
83.6917571213832
9.98633231437316
14.2308062610543
23.3800705457065
116.458602181745
17.6310681149247
30.5927426995677
16.0497909359265
44.6565944935823
41.6102484561835
7.75764350237252
27.6826055442759
33.2683414685148
68.1916308003612
33.0611590627072
49.8754122497921
32.1589472996938
75.0365094837828
48.6153456918065
31.3401729264172
32.5635129726737
15.756928416273
13.0397567266283
50.5784253590834
67.8384030893595
2.95711741760177
61.1556693302629
84.1737461776267
28.865141790476
23.8805045409347
20.4586898214236
45.9162341515528
25.9030417813251
43.3954711076173
36.1245819822803
20.6528688229651
26.2119776410052
42.8938756635666
110.669759631753
54.5722789316284
100.532406480984
11.952049291999
41.1026902878225
23.5391213852294
17.5259712206697
29.1769208900148
20.1575236320794
50.4577555347488
58.328056798057
101.163743102235
40.1273936719073
15.9021023035252
32.819295088355
16.8997122671874
83.2393126950239
31.3711097269292
27.4799209223544
50.7565298267285
8.70901396930002
26.0089485075356
18.0673620481152
60.6738681360785
73.2008993208306
52.3162323211949
150.696887676483
17.6177293463705
172.426499516494
18.3856793303966
22.4529429397161
55.3897754958508
4.50130695231214
15.3993217097792
34.3055324444168
67.5337549867502
31.0014513993386
14.4875114571869
36.0921576128787
23.8969265336497
31.7830993544352
60.3768781014707
44.0159396508889
38.7259486507116
61.9731493922386
24.4193084264458
21.7841223636972
92.7018317156284
52.9712086451294
17.816535787126
42.1541656021042
8.65079989703543
55.1140366921597
41.6910478168239
37.2051052031492
37.0935367112014
32.9023142723262
32.1342256508202
30.3212114827728
5.77641629579638
29.0470341041606
83.8294034474833
109.917984338076
9.56439190278498
17.3050016491506
14.3503114506092
16.5271196098829
134.613429223782
44.9414643650513
