0.166543841839459
0.251999286871745
0.376809834723035
0.296293489175023
0.158173276824396
0.223630303456554
0.193274607921481
0.190946781248745
0.107954279611723
0.0884927365201327
0.100700210004553
0.313882992181599
0.0839097341676621
0.206712038986422
0.221683326024984
0.585937071173826
0.204667628480209
0.168688993136862
0.728065153565138
0.125597943986533
0.178317543171683
0.170508838601215
0.287128188223167
0.286055312753804
0.678979973933554
0.408319361768476
0.0970334805569651
0.366960144168664
0.329009966965299
0.458245704788608
0.219489778920804
0.282280612053968
0.293191675637997
0.106946984264174
0.254620408103642
0.0779262114600655
0.188312607271724
0.220996005201453
0.470429625564385
0.252291200335409
0.104169806919812
0.131223495106204
0.656243132443001
0.137380083845964
0.0486688819281178
0.161206764539595
0.182385495950191
0.193524500496043
0.107276152839723
0.150454389075134
0.0594745309184346
0.391736503464687
0.218766814934314
0.205628083440349
0.182883438829217
0.27503625095966
0.261675802789043
0.169869734788665
0.207426821005029
0.361364303247815
0.136430701810758
0.0926967841969546
0.313286969199426
0.277234049656938
0.333993207214699
0.121957307341023
0.44846294503551
0.155958944098703
0.139930768400197
0.136772279439088
0.77732035559986
0.0852282252157956
0.538255368276235
0.228691246454483
0.376546514046674
0.464794388588797
0.183177275367502
0.363801493486396
0.134760294272032
1.06957320085837
0.488212234345377
0.581474899199952
0.0749011681503472
0.152065364218255
0.106399665104329
0.131591144594938
0.119682276484924
0.118579314480269
0.279412885800182
0.0736484968811617
0.500638593462167
0.111312594239874
0.343193455388002
0.255594041593191
0.31820351595334
0.82957337013769
0.102936390159529
0.202592900156037
0.129185104689399
0.144494847516438
0.261151210078759
0.145437983087166
0.210370530041545
0.153653386589911
0.229579527226957
0.059556207148642
0.0980953211984508
0.0691377779494013
0.128422176261773
0.476316253580926
0.35967885783457
0.255147433023459
0.116721658022115
0.111619766997744
0.204492694361545
0.190406927354395
0.102613750334618
0.108561259404976
0.223176632882311
0.268872766509395
0.103179914403262
0.44627613410051
0.266556563781226
0.109871621768697
0.153569492486908
0.0966386424971234
0.0630018405494707
0.354221456731981
0.136392435920631
0.264138715464192
0.0810792541061227
0.146259945333324
0.280075354346076
0.0392569377697139
0.16009692807996
0.236885853612015
1.77136061975733
0.115046639931016
0.259133718026199
0.127787310355468
0.147472659787959
0.250451088050036
0.0886647038450471
0.509138556593482
0.434185471592331
0.236413117983838
0.352065776778545
0.261862558158725
0.0826232527636084
0.302211084488654
0.132826838024375
0.0533513377267709
0.230071062537327
0.454296371583293
0.0679574677614842
0.638600112427481
0.0581202080207831
0.228750023861594
0.137862718545411
0.336995558292179
0.153391243170311
0.445523264701946
0.246998382181508
0.132591681797282
0.106592314556029
0.171754323700289
0.128035172964355
0.0676554830536854
0.105134443701563
0.215627373824506
0.243928922187782
0.114652199963866
0.141008757480576
0.371208006900636
0.9646586269301
0.483557512071314
0.192346091234431
0.235630417927653
0.142497778027058
0.0659076963150435
0.0496143973188246
0.11179116120449
0.394989254157915
0.671884160696619
0.182074957690765
0.0966207342934457
0.667473851017565
0.11566565784291
0.239257783807543
0.16949259365332
0.404210144580866
0.117999623409069
0.402825827447642
0.141972014308293
0.105631203957537
0.148015739621969
0.622277972028105
0.241387382648542
0.396016794018119
0.0906588737242646
0.44152434163356
0.196491418169457
0.0532801711432332
0.26968050063579
0.123753311598649
1.32334320180035
0.215843672096724
0.185690433298094
0.317181531497115
1.03028725499639
0.203779328056863
0.224339370594541
0.407891824433333
0.0874542304870788
0.141071958273668
0.204961198269372
0.472005656224735
0.0884373321449404
0.274706614938466
1.02595528686891
0.103087538849829
0.314060073896465
0.178919613072659
0.284124755092454
0.113886549252247
0.531280519006365
0.0834909787868163
0.237933455114981
0.119446092330403
0.26398895751946
0.620466868484836
0.842926297120804
0.562843552948031
0.1276265498194
0.329006637896706
0.346649213602797
0.151019137746889
0.245266550521159
0.356679958378178
0.288664826844248
0.214174067486407
0.820275197568625
0.454040385144975
0.512734411775535
0.167546705183913
0.32578706401352
0.175849918563387
0.160712554132582
0.476505017954554
0.385986931877099
0.0911401567102491
0.0929904942145192
0.19056274166954
0.242072704949393
0.17446242676152
0.327806664843771
1.00687313488451
0.206151822685329
0.845658095319752
0.212592915560697
0.152474510543086
0.430345987415576
0.1176645946987
0.140449631534975
0.352983265140955
0.46955066957641
0.631614862383014
0.12309218411714
0.254039705379618
0.0937295297078457
0.339912797458845
0.402020594259609
0.143636312237433
0.197461712563162
0.251694235812796
0.155480016785445
0.368413049313983
0.282074182118819
0.28281689253189
0.117547451704921
0.266774514400603
0.12813057854239
0.317458094269964
0.300739619847911
0.0787629033578032
0.164138358084143
0.339053871738637
0.0861116926208845
0.150524788950159
0.0485972134364407
0.254636652145623
0.2131299710925
0.366688590699391
0.073674795780436
0.271890442797864
0.118233120826698
0.258550763823968
0.299232109034679
0.183142477669926
