15.6537795539696
13.0292934045041
34.8677832944206
54.4686434305344
21.5656934678097
15.6424680579121
37.5514579395562
11.8332749189284
6.84756417065084
11.1012848344236
11.9163339674385
30.8688744955831
13.8720621482344
7.20600599607496
24.5344949808579
105.361758222244
17.1453512772992
15.3486561186238
120.582266082505
12.581421615082
15.4585055861151
11.4633852089285
23.9232065136568
24.1427752807526
117.571257082983
50.0241088979595
8.08739869607481
30.5195141371029
17.2437165485206
48.0089970704268
27.4392008962939
33.6286622525748
29.015341686892
22.0670193571734
29.7824654991157
7.1835787915811
14.1441803840623
20.0490232779336
28.4912976904376
18.5264468003206
12.4684830480371
9.61658967194817
70.4270508985664
7.97579652178164
9.52420907750062
13.8378017814332
9.24816881334997
11.9310194773471
3.726948983708
14.5258623763463
4.7945114036582
33.4940475077799
25.4297039187
30.093592418712
29.813501762358
30.0258609135784
55.3362879534709
19.3109597157672
13.4433532664348
55.9433362229141
25.7702402884928
12.4352149333497
20.7923463672086
42.1610678117397
16.2974509011607
14.8186299844321
40.323457085603
19.812141041686
20.521385242759
24.8166588505874
66.7536395763958
10.1848161551009
63.5581286075613
9.66666255461162
36.9634543931756
26.059411525396
19.7540307117874
42.2204561610991
20.4357467666014
45.5433582678482
70.8587743864287
28.9221291067689
12.4787539564423
19.4435930450284
10.9226232636274
4.09756432574426
5.81067198412099
20.8663529293981
15.4529737941301
13.7753799132311
60.7551928868624
6.58840453981256
56.9573330932021
39.9017610676876
56.9283936869841
49.3437875985073
15.6057093082369
11.2628469440201
15.3072433306464
10.7776284418928
35.7316963528625
14.1048075051558
50.5619307014227
18.9985292874775
20.9158980862519
7.68759577754925
8.61818653256048
10.6626470020795
8.52430353914405
50.3124448065806
41.2982684215303
31.4234219802642
24.0328217518353
9.40718669035547
19.4466364198575
6.13806401841969
13.1629430032859
8.80165716769941
20.6080244954147
13.5108459022094
13.726072591673
35.468749103601
33.6554881685122
15.6011337921962
14.6592109780139
9.34967455282725
4.8348840027275
42.2066835530675
7.69898554426986
49.520598205269
7.17795797060399
15.5552834100368
38.7417978320779
4.64288907823176
12.7726258400949
29.3559761941515
70.2747730549363
21.0028288987597
8.42484535231127
27.7228520665292
14.2901825819839
27.4932309157899
5.5419557403351
61.54690263979
13.0850962799889
36.8941774579776
66.3747709341816
41.0290058465772
4.40477171808554
28.614278749437
21.7603128889619
3.0144217840247
24.1515093864167
26.0842899904934
8.52511423975287
131.423155828296
7.95822782061951
26.3208665390019
16.447025609572
49.2419814876998
14.7421676869431
17.5590647223553
17.2884435214306
15.0380430861489
17.2293082063871
17.7879848955364
8.135395661322
3.08563978358876
7.18967792818163
10.4248427969213
18.088106678782
10.3758021075261
5.11828880024651
59.1195909175721
42.3203001630502
48.9401849932351
10.30793120632
26.5620520411934
9.69732019791915
9.44459900911388
3.91609094294733
5.68895091005905
21.4246870730223
154.457019518449
9.07345798336141
4.31049206302015
90.7090728012997
11.3805459837589
34.330291386377
35.5310118524011
67.8739903447919
17.0950107801117
46.0029886345252
14.0486996560544
8.84755532670268
11.0684669381018
98.1642730632057
17.5822400701263
42.8978942076706
11.1365682299456
26.2940949765179
22.813896378938
5.44822789236965
21.4243819742375
17.2989951310691
134.058865804278
19.6157366140666
20.1591646049054
27.5617085588475
58.2494256032504
36.898366490109
23.006397627343
39.3795232425636
8.04999611581788
8.70829092868926
19.2243020558296
40.8731764251753
3.98206987141654
43.6343428343728
81.0554160020376
10.9076263387525
20.513621462425
13.9590738841649
30.9562811533956
9.26565510356841
32.3504587771262
20.4432709066552
21.3008318412114
14.9447854554924
31.1876304781434
82.0358136150147
39.6256754149805
61.8805193579243
4.04307659231697
32.7575853285262
19.7046686946664
16.2228051718218
16.4529517326448
33.7162940293129
38.0419312250217
33.171234500718
68.2414794839225
32.638584216468
23.7203900747705
20.195612480292
23.6106428984732
31.2569057771879
14.839807361647
52.3267587294552
47.3648820841792
4.61545618492267
15.9184280435029
26.7340282151763
51.7767464061371
32.068453547566
49.7265185913147
168.405285819462
6.00332395761601
107.930164414441
15.9624369831503
19.6412573124509
39.7424718344664
4.85578007440514
11.8044046078166
25.8063731456007
94.6417858171915
61.742756829787
6.79382996296246
33.7249004860435
8.839373801736
28.4530582994712
55.8939270308987
22.2565421449035
22.3991288130205
44.2426475372768
13.6106544466196
27.7192551316988
52.4829581848627
38.5854260136081
13.6187411768028
18.4748726402182
4.90120869938083
23.3135403178954
26.2191432246465
10.7180419831205
16.4905565215322
38.8045894799096
9.8870297700045
14.3656604242118
2.65929313667874
11.8104677178536
32.0289573547589
113.621359998715
3.75242436937341
12.9375889457869
14.596736233061
11.0529667648848
80.8148193531604
34.5299514856357
