0.657446677470221
1.21868974198806
2.41022223649829
1.11149705664179
1.12867465588205
0.75193386747152
1.5268543000102
0.863028092740924
0.146833044432186
0.660407692627491
0.941557438840197
1.77294425703611
0.394355463346519
0.74513765756631
0.624377751054515
0.423606956387938
0.958281148040078
0.757421295072299
2.20446371700423
0.427260570210424
2.14214708052053
0.701360634136811
0.776248353491565
0.642413600587743
2.73876673086288
1.527322905712
0.713928760524201
2.51668139027249
1.70918846550669
1.33504034225826
0.964189401338712
1.34713734161362
0.701522113398496
0.71911224776354
3.49658952707841
0.59305485216846
0.443057781302099
1.35129259318915
2.22324825532352
0.521996365161471
0.84198550611291
0.657495544139233
2.51084036121851
0.299652980392557
0.573129578915506
0.785007174743784
0.38863420357558
0.566000419005574
1.32945062595178
0.486744007579928
0.313196648828215
2.04387563036772
0.802906222479365
0.618139859992236
1.88478394874458
1.0819433255856
1.19753953302099
0.722571025905641
0.359218903570449
0.143652087466823
0.469489951572702
1.06800868417819
3.14914001523919
1.06244475154529
1.15910241901943
0.215812928806864
1.84751977756813
0.506987264104153
0.586155803239742
0.718534471996358
0.448286712003269
1.01963808342076
3.27530132062875
0.385135727027237
2.53975206111537
1.27022046640833
0.389745857972937
1.18363017634067
1.26145827858463
3.17222319767937
1.66204606868843
1.83427820019567
0.396718703743084
0.51180164307209
0.578897441221238
0.328610809188981
0.465329835671858
0.609450835718875
0.793768361100913
0.534842533815161
1.97482386377698
0.300965025463122
0.696318974866983
1.06605530085743
0.704674434191451
3.01349860950247
0.682502259150783
0.797169631850325
0.967157752969771
0.434711602436153
1.03081758005332
0.937193846934124
0.204923915161234
0.60082762162724
1.06522099514629
1.09026506737034
0.574648150285442
0.452491362196117
0.27830722974928
1.166544936482
0.949337587340192
2.41767563716043
0.736210505430593
0.723443335380384
0.792722639155507
0.334190906857391
0.433095216698583
0.607754007045822
0.704932375609813
0.258031154405025
0.226479230629269
2.82204717416545
1.85198021090082
1.07701353585186
0.960929564820479
0.516038441156369
0.376010585804332
1.3121761949736
0.262828223473499
0.81429980342759
0.658881551450305
1.35245228714318
0.773839828111326
0.182991109232768
1.47827616465298
1.44577695888886
1.11402618960857
0.618862165233991
0.373551209122529
0.712773318733735
0.98169877927739
0.527474741762323
0.5132921633305
2.12210048264555
0.24270449834651
0.717434664049155
1.93245959149333
1.26070577876036
0.298892844428622
0.39310877961813
1.0084673144134
0.425568668520609
1.29551258433667
3.44950898303668
0.292767210632512
3.40807406197784
0.242228470757011
0.519244446700099
0.560101201504596
1.53916896996312
1.17382745517579
1.04382450568893
0.68789462152522
1.49968845365141
0.444451771767
1.32240239240528
0.120286445804125
0.833746128441364
0.337588639284225
0.4138964566388
1.31777369223863
0.417862526686958
0.651249111953283
1.89792513390193
1.58404086659187
1.96422430913244
0.537212612338736
1.58997017108942
1.59692309377179
0.650439205969787
0.550207657413526
0.356416301859805
1.61731433940973
3.32469908047159
1.6403058861435
2.18683210252313
1.92636039111583
0.690008785536233
1.16417106180633
0.796190351178261
2.69333962612918
0.973139291211543
2.69260636562586
0.428433756658969
0.579588369171896
0.510035373152075
5.06420296330486
0.418735844184469
0.579410999562761
0.274911335451123
1.68743377094893
0.816021108285791
0.196514873803979
0.656600434496155
1.24766870371991
2.68213029130214
1.09144672701202
0.593443620426404
1.40077553740221
2.78122118992523
1.31639005691114
1.44366518571445
0.861445466767719
0.604251562617234
0.456107183843487
0.769583169682029
1.03916828369725
0.243207326344539
1.27160916370032
1.88434275253922
0.417091680686
1.18094766453025
1.07339532059287
1.04109488331295
0.599702052090266
3.13535459517898
0.472611102061376
0.203146453053587
0.285316284654361
1.24173473287271
2.48570087290994
1.16969007140602
2.28469822061448
0.836610943964935
1.63050381376838
1.6258305725874
0.876438305097383
1.45426267116982
0.860816219473292
1.16418710972346
1.22977814582034
1.26932970216867
1.40222126672146
0.707893936353302
0.945848623204206
0.850203734004016
0.679146512679756
1.19686809149601
1.03225751640793
0.967904197894182
0.389917327345937
0.516728946328109
0.299449281556668
1.02616957056403
2.12474886050889
1.57001151877648
3.81385844742723
1.10856888215788
2.76382407293462
0.392961933791488
1.04972364205811
2.23160621327707
0.547096359515501
0.419217120097692
1.7865661278929
1.12765347645783
2.41942827376523
0.210342464471854
1.83934573373959
0.714236138037999
3.21960219799844
2.17250162062096
1.65077943840655
0.968962715587283
1.95195000641138
0.978872466232462
1.23670104083706
1.3745959832282
2.19395729658034
0.563953869844386
1.45420906689689
0.188334119454227
2.00928123669485
0.915883235211662
0.960163812410846
0.882183110822681
5.14815692588268
0.359689784463505
0.633389222546153
0.144947142662169
1.17809052798309
0.365973331939446
2.98788393950552
0.383938509660315
0.861693164619615
0.456405546522953
0.881084956008995
1.81872118474363
1.00238805663382
