0.596159456671721
0.652190057027432
2.40094352784235
1.93343019301608
0.71726080985531
0.597624690050482
1.20965570188233
0.562417919413461
0.361656291603261
0.655798085562103
0.968818741338838
1.21591840371928
0.326171208327733
0.986837480021325
0.378841029870287
1.11041903125839
0.905243969466858
0.95166331476648
1.76657824589194
0.108545649985068
1.28116187508361
0.789385644726082
0.881204362032029
0.56298170421146
3.23144295017412
1.81129152432368
0.520133064009131
1.7451256951372
1.17787401364899
1.37246932013151
1.35498325591125
0.874818206565028
1.13544196444126
0.73716198056911
2.28254616252357
0.478183215304565
0.509654771589028
1.14478976875378
2.23652310655269
0.556511333881766
0.796127674503593
0.70648848039812
2.70403136620403
0.282964826284454
0.620147205716486
0.571867518963489
0.348148112356474
0.495693710253275
0.866648545996165
0.566360439629386
0.150412101554344
2.10500928424902
1.05157127797332
1.05502101517574
1.41717413122248
0.954743229870468
1.24129244306259
0.648612584069119
0.388977291820391
0.731793881961257
0.654373596932015
0.717160975960316
2.63379458185671
0.880509586829842
0.94660187123122
0.768011291837821
1.63483064023187
0.490110968736423
0.533323727248381
1.23135715774265
2.19397875567186
1.13063533622948
2.90247690185253
0.176457728888048
1.91081613955785
0.968672763118631
0.428430307807685
1.26564143062136
1.00941318642395
2.45179503681642
1.13744661387461
1.43078391755332
0.420293296497242
0.444989292336017
0.216091764736077
0.258042824045408
0.45423247851245
0.581773250333602
0.583848346290188
0.480824445461677
1.71732064465843
0.380307173755611
1.72438863632923
1.72927326480055
0.689906832977902
3.38855749249143
0.719861843141062
1.00971843632131
0.724098363898876
0.801554101467205
1.17166779243238
0.426836377439262
0.625326776817703
1.24451203994318
0.799569417371277
0.471430022912931
0.494999973705553
0.303300809246875
0.311962470878098
1.24495915747125
1.75737296921858
2.00975778336919
0.562620438966102
0.681165220289618
0.692631954454691
0.304007390957704
0.661813458908455
0.471198345308019
0.737002265679941
0.272380026560958
0.524425612892478
2.57882157779826
1.43173472193442
0.793707661319667
0.770196241451767
0.468188057472867
0.275948704077219
1.29656744676251
0.242868983732096
0.841639603471889
0.622166294726919
1.07695241380745
0.442375188012821
0.195561886069402
1.17526928981262
1.1056746793646
1.45925465450288
0.552129914050188
0.212797063807168
0.629357210504238
0.960602429993977
0.619376088230582
0.340752437487709
2.12671351211983
0.260328314171251
0.572139013201527
1.71300775740348
1.17231935527357
0.210564203134234
0.459537560004325
0.626918851501968
0.303322172403292
1.33922024004985
2.99875285770505
0.353922992594823
2.58661744169311
0.133324674039315
0.467833817498657
0.380554841641685
1.4453738745324
1.1613479659525
0.982723910779941
0.643141448006937
1.75402855954736
0.545012968482062
1.06013160009565
0.110304717669693
0.427941960915952
0.75829221674355
0.396821043909686
0.859944927828244
0.318544895664693
0.314873695107239
1.27781823890269
1.60818793658053
1.80534702672268
0.415805240299476
1.56133559826681
0.470739728576649
0.273137572334166
0.431947556654811
0.432209873133035
1.27093648964028
3.28751310129716
1.47861338478267
0.776426748573123
2.0627496273801
0.263885062280748
1.12162690204438
0.634287105486057
1.833920509008
0.759291600893524
2.78632207789063
0.761601836549869
0.628835992298011
0.428106487652933
5.33948603467963
0.552457052145943
0.465022255091439
0.326932399779846
1.3329364378776
0.64752938326274
0.209795352402579
0.825340925008545
0.737570693755404
2.83900190455856
0.82742322371711
1.42044487636845
1.09761491285692
2.59768290847148
1.33420457625338
1.41460917814755
1.30000109155464
0.529012905454621
0.477035108604964
0.884597176178047
0.864461605141521
0.334592355470046
1.03610976642889
1.76095738023062
0.403954588984795
0.810582677828286
1.86710916916013
1.0577559084232
0.314558599504889
2.81674096162271
0.466101763260157
0.256045410040629
0.452932957034654
0.970416398395138
2.15536216921616
1.27148250363231
1.71228318984235
0.332850354511407
1.49804038783346
1.46337898253754
0.850731749181525
1.06382718289378
0.947618371997357
1.53592130378953
0.861557295412551
1.1667946412583
1.47840964023315
1.26811479831986
0.751863390893625
0.863211105047664
0.650079537968039
0.565324112406702
1.53691096842644
0.94090042532861
0.233378172643497
0.475221391911389
0.23041303651467
0.995962700995612
1.30048206328253
1.75992806485787
4.73739984203601
0.700208903294559
2.87873273691717
0.379253854586309
0.700397374771631
1.82288969341264
0.58768488812795
0.465078498866322
1.21245389461061
1.60575871593362
1.96306885194955
0.36743344795011
2.00738743491962
0.376587489036576
3.28654293799871
1.65208595984861
1.27388519402759
0.998956923292997
1.7865631297127
1.15742110946793
1.58823248486971
1.31683249140721
2.08423345819405
0.572064210729277
1.21748731958086
0.199159502772952
1.26821220460701
0.972690312568171
0.48699642042429
0.547766844125862
3.43106882254828
0.233990670272827
0.553821790328553
0.159257818898451
0.719494548365819
0.437872109616912
3.95710956031382
0.386219716458594
0.744418636155042
0.351250172533352
1.43781843502191
1.54047878881744
0.772265448248527
