18.81423375
24.021365
35.95444
28.68799375
33.8009725
17.54312625
48.95797875
17.62983
3.8983225
11.25199875
10.96776125
41.54222625
8.8049675
4.715495
36.26918
37.85365
18.29546375
12.4143875
147.5441825
48.58670125
30.03645
10.54579
20.0735075
26.86093875
78.0367075
42.253245
10.84329875
44.35234125
25.45311
44.5977875
18.489075
53.613835
18.484925
21.20575875
46.70208875
8.90470625
10.56931875
27.70244125
27.9484075
16.4522325
13.2329775
9.40678875
71.05979
9.79106125
8.32328625
17.55729875
11.19632875
13.64889375
7.00218875
14.86574
10.55150375
32.18712375
19.26935625
32.94171625
38.1819925
32.3902275
52.42195625
19.94743875
10.3935275
10.36186
19.085505
17.9248125
25.486515
50.30828625
18.72475625
3.96535125
41.696135
18.36754125
21.67087
13.72936
11.44943875
9.8095875
70.88199
21.86721625
49.8472375
36.647435
18.06215875
40.79256875
26.0509925
62.85766875
102.85037125
36.4424075
11.89308125
19.4895825
19.48796125
5.35065
6.1032225
21.0457975
21.4629425
16.2680825
78.966315
5.0806
23.85517
27.87227125
57.04876125
44.80027125
15.2704975
11.61953625
20.10742125
6.3703725
35.015735
35.7250875
15.0866075
8.18893
30.59941625
18.8854125
9.38753
16.315745
6.9134125
48.0030325
21.82659625
38.06607625
33.31776625
10.2586375
21.37882125
5.62511875
9.0864775
11.31768375
20.66767
11.7422775
7.19610625
38.661135
43.59542125
18.3651675
15.8550075
10.15366375
9.0132675
41.5646025
5.08782875
50.47368625
6.240075
20.57791375
80.439175
3.66683875
17.1624475
36.9618
80.50473125
23.3679775
15.10511125
29.699705
14.99069375
21.76320125
7.91347875
61.35839125
10.13950375
45.01173125
77.2803675
44.384145
5.14248875
22.02210125
38.75563
4.24982625
23.3538275
25.80017125
7.90326
146.09092875
9.85652375
28.2417325
17.728895
63.3209625
19.3840975
18.700975
18.6087175
11.26705
14.21783625
22.013275
9.65413125
5.75112
6.198145
10.63363375
32.26205125
12.4529475
11.64957125
83.74468125
44.25567625
52.7296425
11.78084875
25.9019225
36.453895
24.43047625
4.63182
5.35738625
33.38315375
154.25672125
10.18199375
13.80059625
88.67376
15.38877
35.6526175
44.60757625
102.6019875
21.8644125
64.8252275
12.57633375
7.7432825
12.8687025
89.37563875
13.49648
35.19952
8.86587625
36.775
28.67516875
4.53321125
17.243155
31.04331
120.82100125
23.81035375
9.74914125
35.473765
63.01137625
35.87173875
23.74098375
25.60967
9.311825
7.82456625
19.18586875
44.89553375
2.3226325
55.27797625
86.2104475
11.32714125
23.51386125
8.80129375
28.2631125
19.12890875
35.64734875
19.97679375
16.97485625
8.94320625
38.856415
95.0773075
35.88426375
84.40841375
11.03881125
33.2538875
22.0636725
16.16333
22.5432225
30.35776
26.101075
51.93095625
66.72816
31.082995
12.8237125
23.67691625
24.7899925
34.25424
31.15263125
35.10955125
42.70185625
6.7311875
16.3662375
18.1137775
56.53535875
66.67570375
44.68090875
133.0565825
10.85771625
112.060485
14.10331375
26.86907625
48.29453875
4.39776
10.3203875
36.3296175
64.4028625
75.86198
3.6301275
31.3531425
14.88962125
27.79435625
57.1124425
31.12333125
21.6158625
50.90037
10.60196375
15.010665
62.54818375
38.95739125
13.80233625
22.108295
5.28227375
44.04612375
24.50216625
26.5666225
26.50759
61.22064875
16.60815125
14.6966225
4.64637125
21.3370725
18.37890625
99.65255875
3.7744275
15.37832375
9.6261825
7.08517125
104.1424
40.64164625
