0.146676265801183
0.254997382856482
0.40443888269378
0.512212160870712
0.133055453963195
0.220908354028493
0.184823041112424
0.213102672743728
0.111501120624959
0.0903173558446554
0.0962751204660103
0.258229206559502
0.137208314061124
0.211034024140884
0.182399263450054
0.658215290821843
0.194267900820953
0.241478132157536
0.823901329599783
0.0637793000694154
0.171202518857042
0.16561787787521
0.237358852082331
0.237232247859819
0.501733708593123
0.39881014911649
0.101419934245049
0.284029379284855
0.308465099082069
0.641990594079925
0.26564072771691
0.259415651759934
0.235798774632562
0.127869089310649
0.304666622232886
0.0860247810955723
0.174294077884725
0.178981657730891
0.528810905780974
0.285268937926913
0.0913199303884986
0.166654342658038
0.635353723308299
0.114504622297961
0.0613749717713966
0.127832476099931
0.13950423764429
0.164158567393268
0.0715863682278245
0.156405654195454
0.0486598020489497
0.347926025174524
0.232132065999596
0.219107263811685
0.150854667912689
0.259281207011895
0.25778559103695
0.167582299677097
0.209241134791707
0.410929875270756
0.142032940557381
0.0923057763873304
0.277905553908989
0.259383200633699
0.276196997327873
0.118598379130533
0.431094687572701
0.164608652649849
0.128237008422803
0.244414729295571
0.568477415227208
0.130641781161292
0.474071044626359
0.0655587097478837
0.325248834965312
0.376587024589854
0.148237613309056
0.319535347456618
0.123162737524044
1.06286605884903
0.488549266669511
0.417745334168803
0.0749065259451856
0.178252627616531
0.109515121768723
0.0798070786464745
0.114160075008255
0.119999690773957
0.227698341589567
0.0726828218126282
0.448773654960432
0.0694075978091191
0.306360761286359
0.273076489646859
0.248175981207
0.833937811506549
0.0975090166635924
0.178220048238927
0.132494857986176
0.140641812907603
0.236294167666595
0.140702123431623
0.212209790414623
0.201717345562509
0.183692836559862
0.077278017254589
0.100327914581825
0.0490622665976537
0.107707865974692
0.480376070901376
0.335464108491211
0.247159054147441
0.126978981585913
0.11478256839108
0.220060788952046
0.119813307946663
0.114986987646925
0.0858495644896982
0.193510412433543
0.143726007655875
0.143062530601402
0.464419722297339
0.273638970762483
0.137737234772219
0.175222051260645
0.103543430689051
0.0417091259132386
0.355880146176653
0.112482892644509
0.213824474630856
0.108537137550417
0.156927222182323
0.141011934408608
0.0666750430714675
0.152551486062141
0.192986269268542
1.70094767500724
0.110951379408179
0.156089073534861
0.127878400417409
0.150016601525433
0.273770784249831
0.0728492230197398
0.509405499420903
0.369297175726698
0.209847092717722
0.371023601568715
0.236717149652672
0.118634664976794
0.273526556982901
0.106576083518142
0.0462769792284813
0.230898482755148
0.469517891372608
0.0634549799579153
0.541156807300164
0.0545841480133518
0.234219648180954
0.132906515218993
0.300443065116153
0.190862081193307
0.43669612084766
0.236706175777296
0.207810663643933
0.107877161429241
0.174623552410914
0.112786094893426
0.0506862928657612
0.0737595308911094
0.216652938606394
0.160532902674276
0.12023148331153
0.0761229776519466
0.323898161396282
0.956873407565237
0.462333613309396
0.171396055228591
0.256932942070258
0.116401408597475
0.0594408637827738
0.0496176220945647
0.0648193734083783
0.305039999853486
0.641375972705105
0.17600981683018
0.105197155046133
0.617329004290255
0.104331223438159
0.236140592389484
0.159833253567855
0.340673065536016
0.138173009364666
0.376908026834993
0.128853464875843
0.0944863809198674
0.157837973377169
0.636673738959172
0.174224802868207
0.36166633861767
0.092662018671889
0.358170735362698
0.19440317603723
0.0584929493881993
0.329467847643448
0.128792400063448
1.33657412674617
0.213050201309901
0.169598712193178
0.275312262823298
1.02154966267352
0.188780293194752
0.221368034670579
0.379590636715812
0.0841345075370625
0.118199594928608
0.170432376582879
0.432463460312087
0.09015152547273
0.255556454428804
0.997652989018326
0.108264420779303
0.207060325511356
0.193641016413472
0.262184334595884
0.0940570317796176
0.489060143573689
0.0856622817985204
0.196847484793001
0.120455739991095
0.248314180617761
0.525000957865805
0.855920564498357
0.471016224916208
0.0682507766899202
0.28924682716132
0.329650493482826
0.143229401643041
0.223449717376849
0.354393002488244
0.307118610004407
0.185233373049814
0.833587036319864
0.451913269263007
0.510475767002898
0.165096906113586
0.285508088774634
0.176887624181418
0.100387492378659
0.514419867667687
0.384498658953352
0.0650147006597642
0.0808631972836562
0.178360754736631
0.183782987622501
0.145043426010903
0.325991294413585
0.950645869324236
0.120275770934874
0.802792025834231
0.24054283027551
0.135192361220674
0.347723142467742
0.145625288173967
0.146054476672901
0.331357291370132
0.437778381802771
0.568728730563189
0.0710731453106438
0.280824927527895
0.0748540041157071
0.322967317530174
0.452850681196161
0.146226182098678
0.176865938210245
0.22125330772212
0.176910755558462
0.657357097632289
0.264562342011937
0.279434285843437
0.118764739084167
0.208762738805567
0.100823779315567
0.303522890287463
0.281282463787783
0.0683367649034869
0.114601807350378
0.353415998870335
0.06623890293206
0.119264047346292
0.0284254993075758
0.181299302818
0.165727387704595
0.464101619627921
0.061028652644443
0.26583654851356
0.187251033558868
0.167495804414099
0.302181810413155
0.202037399280257
