0.68079999988976
0.934556573729359
2.32057221477726
1.47917818320859
0.840934336417202
0.69069467279804
1.23003867393979
1.1688256192353
0.600483537075782
0.583818197599578
1.34095290766715
0.9478909740618
0.330063821940131
0.958719067614193
0.656933374226299
1.4628687195512
0.813215245366791
0.906135901918679
2.00173910352661
0.18709597473908
2.37412248021871
0.581720149274601
0.689157739823207
0.564634346966786
2.64859333569127
1.75886811075426
0.544817073318509
2.04953109115982
1.18722969887103
1.18814600341903
1.06986239265203
0.9445301032623
1.29117247327591
0.844103072998946
2.54646644194161
0.421582735622223
0.81019478620399
1.61121600086613
2.01621433430708
0.680086477888712
0.919952843965156
0.680185778918798
3.28174830377424
0.237416720642542
0.693594829483549
0.616836107848224
0.371596817239125
0.54406289581241
1.04277757798419
0.700538784730185
0.135883017900359
2.38375037339907
1.06329189154786
0.552430470465037
1.0710798894987
0.949597392822335
1.29744636751252
0.724388862368552
0.385613432343157
0.783908411308074
0.633969875449462
0.967142718613642
3.05209932368233
0.91940642540831
0.958686950978271
0.787855855844221
1.68550947045648
0.472926821048549
0.546236992019827
1.22672029393989
1.18870707034741
0.891828639173761
2.40842284451912
0.410530522608166
1.91285457907955
0.977739036107719
0.504070597034133
1.21852808733918
1.1157863876969
2.57049140330791
1.26341469390995
1.69015264929335
0.397014400084673
0.384423900565095
0.21760478568543
0.362006769862388
0.445679011663872
0.591056284529725
0.501943834506943
0.47692860834585
2.19285518055217
0.896088952543993
1.17324812924181
2.0519535470834
0.770697514264826
3.13127450082992
0.786058742379283
0.852747536241083
1.45190424682466
0.922980603152477
1.35035762337022
0.830417071859208
0.725638700957837
1.17215999311399
0.944876048703403
0.553314247078378
0.639698159194989
0.333629179637155
0.282029522765082
1.18225767724261
1.27521999506455
2.12626971117212
0.579757843440304
0.726009545215418
0.914781546112737
0.677689227100385
0.639748226913337
0.556535774553519
0.828651527709468
0.330789940373272
0.566294356885038
2.30200467557518
1.56187195689092
0.825030767800426
1.01254998417095
0.62639383268317
0.335189787908587
1.33545653661985
0.677159562785275
0.714971133927848
0.563220114286144
0.869372306052244
0.514143694250205
0.2313979702376
0.962294904116154
1.20626510570487
0.862651753580381
0.654200707088773
0.230071846614213
0.723286453997459
1.06996084349134
0.623772870237534
0.331487458909567
2.07436485661956
0.16899958779357
0.603108784043283
1.71807197431623
1.04425332709321
0.223679967569607
0.466032028781422
0.882567324037074
0.309764842972237
1.46005063828548
2.54146213713366
0.363701163099242
2.66053357562565
0.108103459333301
0.54659312961499
0.470673567655394
1.6842206804397
1.24996137142439
1.0548594126726
0.573281632953414
1.06038872723974
0.86510404791847
1.02242697920075
0.113976987784879
0.543306302345991
0.954813472315989
0.419354570225673
0.905841886794277
0.277803201481989
0.314406572244076
1.73147246050143
1.71948308242849
1.82099593018422
0.420962975849265
1.45021869365168
0.663585175218088
0.29688714652661
0.475249725888355
0.658437522619456
1.71694157360172
3.39586727986506
1.4188659651905
0.837942005305109
2.03675023036837
0.451401356784041
1.27275297546481
0.616200754197268
1.99067416026978
0.773888900526978
3.23712671250474
0.586149221823224
0.652770450179858
0.366132264934177
5.10437857446688
0.865943759108067
0.327262397912881
0.411255507142664
1.62894940278424
0.621275697975582
0.239460660528189
1.25035631325332
0.787146155915096
3.04082306742581
1.11065800541578
1.96504795328024
1.35773222572975
2.77067837035412
1.34296916591943
1.47175318456372
1.03538736097372
0.599378798020717
0.449843249770241
2.85935135484753
1.21299614956084
0.36623667909956
0.985545327208984
1.74039721084098
0.62717892436287
0.742361894270871
1.46641051757549
1.0433436234837
0.345613887404934
2.81816559022794
0.651483094814326
0.332953304708776
0.461630524590896
1.0132852270356
2.06161577759111
1.49433014173995
1.59170355313029
0.587301177059487
1.66681459266692
1.42727313056011
0.879165966569432
0.831285990420157
0.974479921284975
1.11202899746794
1.20271953779795
1.38993200044643
1.44242302892654
1.0391385132
0.882991779563963
0.86228502339297
0.54556630886205
0.63769267233119
1.5017819003591
1.01099663877448
0.518298311220949
0.693846008004699
0.190167414906865
0.972159067620676
1.88038031492708
1.42196166403057
4.77737788319316
1.21628406384795
3.11416067611602
0.326303617315905
0.737642730144425
1.72897534082987
0.5124918279786
0.449257849033028
0.954278579758656
1.45443642358458
2.04752036975533
0.573123116881014
1.78034830500118
0.792692281264617
3.4262298934067
1.40350947003531
1.58737688239379
1.25244401381883
1.7237264565787
0.484104132187615
0.601191838662476
1.50822755604061
2.39001413961588
0.65545334016872
1.13594935687626
0.22290579353808
1.59977942966111
1.10231954991637
0.457362045926228
0.580469584408484
3.25276462118337
0.358161909892568
0.558856351074029
0.13577764507429
0.715261270403061
0.472472442635287
3.96409445742595
0.392087779870724
0.732869326378379
0.348498940535268
2.07029244196991
1.40966367959438
0.931108962415033
