0.169699599709142
0.529809933912333
0.405276858220114
0.296144979969615
0.253813015746758
0.33016692905497
0.114038253212669
0.271000527315798
0.118307278654809
0.0869422374955873
0.0974240850141189
0.281871652115605
0.111388322683948
0.327716612105243
0.286434714977374
0.34185569044131
0.221852198901981
0.165401080989209
1.07714596186731
0.174788219491839
0.468473999193922
0.170392515673086
0.143089091514463
0.227082948037313
0.189818629982154
0.404327841363381
0.104513892787417
0.440536009913322
0.32041381112353
0.583663894638871
0.266825402772022
0.313633662845594
0.263838519094998
0.117118687070873
0.458250865588867
0.0884352827007342
0.0899550537430665
0.357074270990152
0.466418083212772
0.24552721720112
0.123560461801806
0.135819782480456
0.703261641251203
0.307471486635005
0.0397723474354813
0.214868601307626
0.171588639338007
0.274648528900118
0.136270059840087
0.289564637832898
0.184575340437185
0.263966830018453
0.287477595369325
0.204413016069905
0.176585583309902
0.299409818476437
0.252928148981965
0.176089910741569
0.236037110341684
0.836713473077469
0.204210278882255
0.130747167912742
0.356626833910813
0.490725127934199
0.344644324086745
0.0379956648301275
0.463977499369218
0.177721367726757
0.168538407462709
0.104735059032404
0.154241498914324
0.117946022295507
0.366109522779048
0.179190408514589
0.484645062610436
0.537431385513468
0.13612648040578
0.390535365897923
0.18149650228591
1.15538973923887
0.618093040832888
0.58482194984065
0.231376178536181
0.188627027312912
0.131122036116725
0.14313377372243
0.130234924851258
0.121943898054881
0.370286242825126
0.113961424148185
0.722531183215028
0.124625259084128
0.115736982737016
0.271205719046854
0.16151150074466
0.947010738655008
0.122266307830727
0.262357376225147
0.249067901500753
0.101272321527289
0.251241022480599
0.304199751510281
0.181256719205324
0.0865641036587259
0.399831353345934
0.0948275822377043
0.125859945655527
0.0921353415207031
0.1414375473454
0.479104557531006
0.137174839491684
0.373863280403383
0.197547724504934
0.123879784670682
0.131827025369472
0.194942456057982
0.077831797819624
0.0844904363818624
0.267430168611592
0.164603554785005
0.34950683599767
0.308795202761814
0.169484622724433
0.28845623853491
0.19312348129156
0.103536524762109
0.0671372296282088
0.27253760540155
0.132211671454558
0.202323095984686
0.0749849461260671
0.209081832161802
0.12546617079144
0.0489923201643469
0.162542410075168
0.189725918430352
1.67542773273177
0.150360078841438
0.494620518081719
0.21720223487433
0.188098051126539
0.262317999695872
0.11342225539801
0.529073482280782
0.337934411989492
0.240582847385411
0.200230468100914
0.41173300117933
0.183164467918867
0.219188904458766
0.177851491479294
0.071356359882356
0.343558453882427
0.480015102282512
0.123887135127974
0.635917068219842
0.0677964296114746
0.358441007740915
0.138847844895905
0.465565524773408
0.427041034218305
0.526004364336542
0.282663648852845
0.122850446581081
0.0694291239956791
0.132953604967224
0.0736695249174841
0.0731314803201816
0.199357022515188
0.217651512253537
0.274277875937922
0.180583808516596
0.19163949759702
0.529561900935606
0.947134935771604
0.51727043926645
0.0971962601991565
0.248565802619803
0.507550848492091
0.128956233596994
0.0477791878015509
0.190846421814148
0.513635185333803
0.517413853695666
0.111419267966515
0.0972668844554032
0.687899480259251
0.179790914135057
0.216309192842021
0.110653075165141
0.725466969583353
0.131589580589423
0.639803535313643
0.0815416947254834
0.112270021802652
0.264012199863625
0.633940708162799
0.167479792669432
0.253313587435064
0.104639971813879
0.587302758093963
0.287962377267936
0.0723508223324532
0.367162254539199
0.234837416499082
1.00500820254557
0.348434425825196
0.435471313261375
0.252582688125106
1.0664469768074
0.20114435932611
0.214326940331974
0.202242603471899
0.114840410243369
0.127554324860413
0.397465264677632
0.654984069852422
0.0525720769677319
0.260870498109842
1.01098736914296
0.198285549510668
0.213459924754116
0.269274848568851
0.265578073521186
0.253351550339186
0.584301039382361
0.140851463124065
0.168192312468553
0.15538954918698
0.305296100596923
0.590838381391253
0.878943165608295
0.745081973327865
0.175354671490939
0.33405292355487
0.348906529095776
0.143115681570309
0.385411336382337
0.182124617104643
0.318784469807786
0.246116921779164
0.925725596292745
0.453347688181374
0.370038094105725
0.231800400328792
0.151345221455022
0.457398738414859
0.220162717457602
0.265524663045937
0.362446552220817
0.0909683420220036
0.0988916183689381
0.116100644992843
0.187953002846682
0.335763520675938
0.254576582307976
0.741165492116817
0.332959185269578
1.224457884712
0.271352910589177
0.13351422189584
0.423554569926831
0.128701740890095
0.168507991575002
0.334863725505949
0.262531817294144
0.249507829735182
0.122881552301632
0.274104069770747
0.167815961889218
0.307788443942417
0.476180541357072
0.225465371737514
0.251212658738944
0.249221893466288
0.256194219435402
0.545906361597944
0.386877300348354
0.384055599382102
0.125271225609788
0.468046377239722
0.146704809632148
0.795419738789754
0.364161553827314
0.151483032519817
0.274037267322029
0.228815429097375
0.186968691854093
0.163782704905103
0.0555214870865868
0.414849989911222
0.359504708366854
0.358262620786417
0.147550076388665
0.314081915615838
0.18243061085385
0.2288296426149
0.438468667800236
0.234064604926512
