22.6703300541699
22.1550837102063
39.1811201719336
42.5116669777398
35.4875897117394
19.0083760269651
76.0048065380078
25.3579161733323
6.01102873527069
17.1600885271245
19.3339493151296
63.9169393886218
13.2109971832182
7.4812703800892
55.5655964944249
59.2077079485011
23.975115807541
14.8333633996559
164.309895622692
41.4230675317962
37.2424146784114
11.2208024537575
24.2311874863006
30.0938357535642
91.9725062401939
33.6888033515774
16.0457951786052
53.4478144471081
29.6104192633691
44.6228961235989
22.3848338778736
48.8335923855828
41.3220454652387
26.0723940227494
62.3090405611216
10.7469726031916
14.1357602947719
43.5630779532823
32.7914475790754
21.2098902578491
19.8200771842909
9.83392125934513
84.0703436209598
10.2363564838154
11.0324244621253
26.3475011144321
12.7590524389549
18.3306105352836
8.37721482340641
20.3740447572395
8.85157761941339
49.3911983670421
24.2830346104539
30.9014422969624
55.5393540253665
45.7180773994407
64.6178905542033
27.7622141345706
17.7148663951002
7.97660866377435
29.4750644089839
18.556478522473
28.9594490756256
50.6145857039376
24.9462024652301
7.31581617695524
29.7757203871082
22.6111902628157
25.6485379741712
16.7329507713822
42.8728734660245
9.23470943174446
81.3121678992142
46.5580775583437
54.2046907950894
41.37352223506
34.695036770985
46.1554419635973
37.9092639418619
63.1394039590175
110.960764817834
43.3501651565626
13.1516448932253
26.5289355869445
23.1713771016096
5.46979021866927
6.28924977073975
31.2009978967621
23.4979106616684
21.4736613321704
101.656776636951
9.83950153259808
66.1807061848939
27.5754264052254
67.3810539055119
67.2489180124762
23.5397859007893
13.8857721479128
20.5034937876756
12.3606213233801
38.8252694753205
44.790187991847
15.1555444685683
15.9122135669821
39.0147168121851
7.5254710371677
14.1103405767278
16.0592529153367
10.963029313048
63.0694625282712
29.937797950605
41.2217322208504
31.4605112353566
14.4556155096385
24.8193654755969
14.3612961610364
14.8543752666512
17.0720084783543
28.1793474226028
18.3664730160352
7.36561927004444
43.7868116690973
52.6443295083264
17.8884404429579
17.9999188099558
13.1344553143631
12.8066545208438
55.0934227747855
7.82924755867382
109.098182373253
5.29484234172747
23.67516922524
91.9778061525442
3.68796772203201
19.9258544067124
46.5155587547059
80.8675881126054
32.9726477994451
21.0812098607385
49.2228382802257
17.8470393223568
28.9690312095305
10.6684265705515
76.3886946399302
10.8478993543105
49.3264435851096
89.336446811107
52.8709234622633
8.67007749179614
27.9686536749626
32.0899846320078
4.28313369304532
36.4745800700125
28.2670840417569
13.1170532100392
174.512315426985
23.6505000471449
29.4457070392485
14.0544034346001
70.7149378306486
25.479417998308
24.7122740586788
28.6565227829547
19.0428745617948
20.4842344288846
31.3089673849003
18.6505566883404
6.28804215883211
11.6261644088883
16.6071900732409
42.020956435703
12.9384119241892
15.4736678483157
98.6543855985252
48.9809941087357
65.0710946700319
15.1322736737577
38.0194454780544
38.7666568913931
8.02300273899991
6.31959294614772
4.06659828695926
30.3042901375985
166.989699775839
12.3890135957731
16.8800232319893
114.429327563496
19.4683332073524
42.8748353319141
43.074056375677
140.252603935012
26.5180352902982
79.6435633089705
17.0367261923689
9.58501509173303
17.20028242319
106.706856267803
12.8520775415884
37.0876722057512
12.2800920603227
41.777332722647
38.7334396209044
7.18001236384729
28.6098404906424
34.5430161051767
124.232829246535
25.3942571479262
14.7966597079375
40.3448998154971
70.0620600590291
46.9047634043841
33.8350522715534
28.9165070341535
15.7314845532375
10.9685825919419
31.1390661619572
46.6040543629387
2.91303859547896
93.0015826075086
88.6078411387009
14.4611243340983
20.3165864996128
20.0109747243856
30.6082057477443
23.2885706841897
41.1699907655139
38.397240664174
20.776029268005
19.2738432403218
44.6356362587255
117.398605294819
44.6116219608607
95.6588582262315
12.7983760981618
31.2667325152669
25.6662245030799
17.6035711059575
19.5385902646852
37.4592064959837
28.3987268310571
62.2113850545159
99.3546973425892
39.6291832790559
15.5690693609557
28.0104798719604
30.9146642789672
40.5946653720042
35.1444665642758
41.8767778395139
53.1555158243126
9.38998886021703
28.7743150198445
27.9114633265841
57.479461815341
83.5017973082092
73.3188574740155
128.811566669147
14.306354041474
116.044762502218
14.8754016231075
25.5953173879765
65.9385157366884
5.10301015124897
12.6794372271604
46.3152188804474
121.731308757869
71.4426057988334
9.74553155297339
23.7888061690262
22.9033479618428
31.6744282501476
31.662580552365
38.8179379039994
28.4479168362114
67.5502596218364
28.2660864092688
14.6352551495951
85.0208095806918
45.7489912066785
19.3184123083394
32.2494368474281
5.06142927751144
20.1298763960127
39.596884257666
38.0782464127978
39.683832760962
76.9675872307947
21.7676382834703
27.5419478107032
5.09123203949692
25.138038162663
20.2399081576474
124.663389515517
5.12823973625454
19.4969892373797
11.581285638909
13.5615186294714
138.587447468169
42.061225987021
