17.9618358316964
23.075052302631
34.9352388146824
34.7364369056047
37.9167578269946
22.9104011021379
21.6095139771271
14.2110943818379
6.92895662224667
10.6787255283485
12.0760626681821
33.5988035667935
11.444986362103
12.2256466908422
37.3769532225781
42.3547405830252
19.0417011057218
10.639820713747
142.848065963665
31.7857471452786
35.6582956748678
11.5778372997348
13.6277838354901
23.6880005818497
53.1414743082737
49.1852148514809
7.71222745899186
43.3136756508091
16.4341628217917
41.7507995151991
27.6004092842018
42.4204580535679
31.5479879496806
20.5791239950495
39.4606273652161
7.55674258056474
7.41270096713776
34.3924923305553
24.1996392395188
15.9594906897985
16.4561863994862
7.73865894662518
75.0431535182842
18.9381638762007
6.17117592627125
20.9257470700739
11.2939498024087
20.659984803095
6.79298396616366
24.4880481696661
16.3639130712158
27.4830296580707
31.1661419854992
27.824006768782
34.1830242086763
33.6910197000999
54.5543957884909
20.3756113422617
15.458804749585
165.956857969739
38.7082124491314
17.1929813420739
25.5502535563978
67.6576802661302
19.3528758505886
5.04799545480513
44.6478971339584
21.258823846563
26.673088352953
11.5099988408966
24.1906573767574
9.22021946453569
51.059220214775
29.2784029041429
50.9287097137049
34.348457324368
18.2977125985592
49.7610342647704
28.749197631001
55.5293324160495
91.1430799596988
36.5270597307773
43.045612985905
20.5720393790247
13.4497170105256
6.8632411155696
6.59447569870507
21.3929167974762
23.6504587113006
21.8829326511516
85.991079585955
12.5599044608325
23.6109342999303
38.4447399162645
35.6035666602485
64.7352716189693
19.505659117608
15.1769081437452
31.4653833877294
7.40019067686345
37.55038046686
27.8007419640618
47.3327626849579
7.89706088083059
39.7331545365653
9.75252116888099
10.9115826886651
19.6549176154259
11.6187491306107
50.1212792774879
18.4193302683456
44.7624752113744
38.6262812447139
9.82489398009345
10.9790081661953
10.5882831629938
9.13523922163837
8.52918196244201
25.7522271030386
15.9707094669866
41.1450493950517
25.4770580433809
20.9539737771774
28.9019932792903
16.1335748444139
9.47941732905529
7.55773203590304
30.4818514130705
9.44867225659038
46.7881125949591
4.87915110567559
19.7192214777032
30.6147424503726
3.35747943357328
13.4478405237192
28.2166082970179
66.2893007265089
27.7558734578216
20.5401827909444
51.5441160103146
18.0875764256569
25.2535699536822
8.38764172508575
66.1380073674521
11.783653007454
42.0300614744079
36.488674328702
63.0304177281795
5.87582798937648
23.663469379998
35.3783771864254
4.54519789977416
33.1075764408923
26.5436409392131
16.1059975292166
147.318466152376
9.74606319109837
36.3621953375434
16.7864659785751
70.1709081524087
28.9790230638834
23.163375448495
21.9292201432056
9.30452691376271
10.7507943676814
13.6052101909831
5.48709924465
4.43311850414312
19.3148904587023
10.9439312193126
27.6079692630445
15.5236582557765
12.2021229159547
87.1302013354915
43.0648999354735
53.7551817661166
5.98676202500157
25.795952337221
34.5123910098344
19.5269136025713
3.76630482507747
15.6519447352781
33.0003847330035
130.722358466795
5.5705374467301
3.94862234643012
96.8298021098741
18.6374524260588
31.7253995443578
25.101575591609
111.168999379787
15.8408067292837
68.6592805459113
8.61509592638025
10.5582434820033
19.1146121443653
97.8443026056908
16.4123346920175
27.9936581826361
12.794557991899
38.0659442652101
37.6909767507029
6.56864380522875
23.9264929559685
30.4421916243214
67.4851570439478
29.656621352788
44.8825537773045
25.4453979178957
67.4262820781839
38.6297038790856
22.4637096909073
23.1794803495801
10.5846370202911
9.03591454097206
40.5168319664417
58.1536243108094
2.28626695670089
40.8633280673083
83.026533326389
22.2488958823149
21.0110086522181
18.3846862963282
32.3780928126006
22.448387155437
36.8712259177837
31.8793900507894
18.2654442993844
20.6743493601839
37.1121937134996
89.7128968862787
43.4045172979157
86.6048923593156
9.95289250160915
36.923351949076
20.3400664084223
16.2138548274294
26.0512926262695
18.3704155547798
39.3785821716134
43.5950660464257
88.9595945740194
32.3569712357356
14.4766651048709
28.4653612383697
13.1841246520454
73.5261116652035
30.3336552489912
22.7999776326731
42.8534875009769
6.38876529549124
18.8544086915024
15.9387925603344
52.7149637436321
65.3916327857121
39.5166189628784
141.342286643353
14.3658473792306
142.783178423126
17.4948763268534
20.2213945983431
46.2256663797194
4.23911675661076
13.9014838153136
29.1240604076036
60.9325662478649
26.843327288303
12.2990054190931
32.6014252553687
18.7134991712952
27.2657213277827
57.4151455940386
32.7382177005871
29.956814741945
48.2432704125169
21.7180338466606
20.7242448239165
70.9369073961537
50.1952740467056
14.3388230835333
34.0347706844146
6.69993613032686
49.2353860669677
32.310725086566
26.0946431584365
33.6739599426809
25.4088929676201
26.2925170751397
18.47941435626
5.11732425676797
24.5960368230864
78.2443060477417
92.6914557583751
8.51356533164899
15.3370232652962
14.1455339599634
15.5562722983077
105.418240728698
41.319628337316
