19.4825386968453
18.4208693954218
34.6170876686854
38.1779278869473
25.1838722801215
16.1143743742296
39.4407031895709
23.8766236465363
15.9424500970776
9.94707012494337
15.6201318497391
22.2102308905283
7.36949654620346
6.06711380619906
38.1602879948564
130.72240592557
15.5258715805742
14.8518694777478
133.975876912811
21.2759539810759
33.2891293130242
8.74685323702089
17.8213750751286
23.6087912773721
75.4673631363522
48.6589213901313
8.27479521311846
36.1195909458221
17.6801381067551
39.6906979528605
20.5154360646969
37.590733731856
34.0220584279887
24.8915884575994
34.0117994547168
6.33005599239401
19.3275173269991
33.0310525122562
25.345788392109
21.4349018519891
14.4583430437571
9.73141793899124
92.8774082577999
7.75751220808817
10.0727453610671
13.7960214552348
10.7054914106493
13.1198783762522
5.49228777870984
21.3952863754667
4.57785924051622
37.5394995261531
25.51848482716
29.4399519975007
21.6979587156291
28.4281762820383
56.7953498310698
19.9976223031752
11.1572185472193
56.5445957245324
25.7718726188039
16.2319390738189
24.7011485097817
43.53521588982
15.4871383085457
14.4760799089454
38.0397716318034
17.1335721996679
20.1950245614324
23.4394941247744
30.360098636016
8.57997677139604
52.1215568490669
23.3090806308484
37.5432381633607
28.2089831807212
23.3603589585036
41.9952885370531
23.0426509627476
50.9343407084505
78.1823517165712
33.579002125295
11.9019458197384
14.6389942792346
7.3254316382987
5.89442425203441
5.845484134576
20.4105895771597
13.5722109700999
14.5065387598022
87.6846265193908
15.1269056106749
40.194270995691
53.6488171023663
62.3938323201849
46.5511902189161
17.5874993810154
12.4296392054632
30.1854068955386
13.5255885037472
45.8701574460106
31.6548413657578
53.4219066600759
15.9758569461477
27.1424011080067
9.58442869623063
10.4501957544017
12.0298619471984
7.00587774816222
48.6496078541142
29.3190876811104
33.4779172646196
26.2373820624177
10.2950271039387
24.6706101114723
11.4069003668676
13.4221243860068
10.3638903552028
24.2949492919512
15.0533267311374
17.9933248165737
31.5367206997035
36.7663031702169
14.0683730881099
16.7067266747637
12.3250359757819
8.03476108319063
42.3020325420151
13.1084548163974
44.3168824796234
5.33409342987074
13.2277260356229
53.4442569308916
4.6368320706733
11.172023310873
30.8385946462366
62.3392414219017
24.7023461160441
9.3033050187791
30.137764348956
16.3384692614945
25.7363878010799
5.11057668395243
59.9781638563308
7.06032218543757
37.8389445927449
68.7068615308052
36.763765080867
3.84844180203104
26.1072890143461
33.9172645177565
3.09338270969728
26.3199070082695
19.008548371924
9.81812426352538
114.046764819466
4.39884011588676
29.7292287881515
14.8982402426955
69.2883475622575
20.6413412704643
18.8986744394213
15.5082415558291
7.96662318774079
27.6743360558929
17.019756157298
9.14773723838078
3.7476872574981
17.5304250815899
10.7738610457832
22.1770380971162
8.27896368409888
5.62411786457587
76.400068004652
48.039724364582
48.8846736832106
9.23154265913444
23.6252559287191
15.1480458860555
11.1510719458161
4.00080070806751
9.89714587059789
35.4395698687937
157.558726282631
8.80743312067439
5.28805996710433
93.7551986329076
10.0672800156293
38.9779272951749
34.5234303423604
75.8341515221805
17.3876713262984
77.9347023253695
17.2059463718201
8.72099281532634
9.23788317655423
90.0846784420889
27.9106572514442
19.8813611223731
13.2629686857932
35.5004239684636
21.8317704025427
5.5238860002099
32.8359327559688
19.5850245025191
136.978911435401
24.2294555929599
32.2819715304839
34.3837200339649
62.772518019976
36.5960216854015
24.2028891355763
30.7807396516925
9.2367332104274
7.71710780848034
71.2842249745479
52.4054769815268
3.4975641003662
42.842527992033
79.62480401836
17.0325724397019
14.7811754097637
12.0238177637507
28.324160150361
11.0241685714736
32.0410749663135
27.5375321484245
27.8214775618212
14.4697558981374
31.7077635446158
78.8561807130937
45.8437138577352
58.8056535728521
7.7492493819615
33.9944405403138
19.3691073668348
16.2136337033464
12.8861624620399
34.3662525240163
24.9316901232313
50.7883278871754
73.0681750820517
31.974146206495
18.8243080730438
22.1034549306108
25.1422552122937
27.5168302137581
16.5981571512444
51.0792004503491
44.6030022724426
8.9474431349554
21.976025605156
11.5032843741229
53.5597266052154
59.0072940598641
40.4675625603441
166.671517365196
11.9127168885994
126.265039497594
11.7109620475555
18.8809492016868
37.4170255032963
4.11959615927094
11.0599373621881
19.4051455749717
83.0661820840064
64.2006837004684
9.89106024168449
30.3474833917428
16.5251899298334
29.5781430112539
36.896568059952
29.9279572909044
27.939834171274
44.9490581882011
5.24323100069652
7.29706614040558
68.6288156397011
42.4387093017599
16.0417152553464
17.2698025741723
6.2519177371644
35.069298137411
29.4898037591378
12.6546789859131
17.4417868152355
38.6810975669221
16.5376038698374
12.9672254138552
4.35243727388455
12.9545066533727
23.7272117148121
132.211345489733
3.85454144745036
13.079251675933
7.35029280035366
16.6480841477308
80.7192218451471
37.7516479972387
