0.169292637436489
0.24850843852828
0.471858726706854
0.728257758261358
0.150662544270759
0.399180916022882
0.0959899571057109
0.360440331447704
0.742448752957275
0.143638932321601
0.10105932885717
0.535839088198132
0.547940339584484
0.238556347451984
0.615282792245574
0.230910451625679
0.386887540186422
0.613734123629301
0.338577670366835
0.323834870497783
0.299907247136102
0.224411492511056
0.332290547144364
0.152489750388545
0.325409776721453
0.0889541564473422
0.161100705020458
0.241517663162221
0.720968043629996
0.996548773083469
0.151972498313371
0.296399580253946
0.349255387610052
0.0926116106555583
0.163226255563454
0.1137491461132
0.423492827547372
0.196380763938388
0.487632425307408
0.391443832486183
0.0776004033061127
0.466148246807106
0.251062287876426
0.169057811832972
0.0995440090018374
0.206047457658358
0.455129507517438
0.191647134933427
0.0826424532991167
0.441577500253933
0.488887128861677
0.237098930527636
0.517264914658711
0.767348412442888
0.157258287695369
0.245630117064586
0.23309724157865
0.324686923773702
0.555792444077823
0.166754168664483
0.175470519054142
0.112891886288013
0.133639305832011
0.552306270324299
0.50590954074553
0.0669138640868551
0.382814770502437
0.153309083073713
0.190460850033764
0.248999518393245
0.441001517197588
0.0660017010433601
0.319610766597722
0.149603386577465
0.0837588694268093
0.37040423883746
0.161467604366358
0.303741237716325
0.069658920286361
0.664896018899466
0.824743416618606
0.569766783703013
0.147823300924922
0.448061141622233
0.222199427841981
0.15002967378846
0.139355873047544
0.358152658671056
0.39714621040541
0.161042402948869
0.159732233644165
0.175033322511203
0.422620743729364
0.277973677032094
0.580293864525585
0.801940883360106
0.249646232567514
0.685325152924237
0.54377682858424
0.168656999891596
0.143921967745001
0.159871938619103
0.12379052432968
0.331791611775658
0.153733061426114
0.0948156281438643
0.193568739570463
0.119679228092402
0.142200460483416
1.18907441824189
0.048805323538744
0.232801222210996
0.132364895399289
0.140014299296109
0.183390197696287
0.388560710818628
0.255198798828669
0.117233951956713
0.527076730805187
0.204997104194894
0.0402597231303273
0.328595839513574
0.242818063157761
0.0918107529526917
0.193661511216355
0.16799222180605
0.117429836549304
0.373500580554217
0.106593315248854
0.549363309860205
0.183271106809948
0.199985846956174
0.531436016332715
0.0773162892326017
0.143789381175603
0.104783040169706
1.81601495716918
0.153179721626456
0.647679254556279
0.188187932781014
0.148883345704786
0.322803125195229
0.216774724234944
0.653350328655052
1.53276268169248
0.625328258425018
0.14378803681984
0.193760471191723
0.239593904465148
0.191082278569336
0.0934075788790165
0.132927797856752
0.23076827859927
0.139348686741075
0.291297513841835
0.160531981447278
0.51123741789075
0.764067451816179
0.211184679159162
0.167561636769682
0.258696708404473
0.667987699339998
0.189830385073771
0.165280045889353
0.172426363115893
0.217513550570196
0.0684015157650378
0.27611487013829
0.102611746988882
0.355658752164201
0.268550563729285
0.629661571138816
0.169561233270931
0.238935599702868
0.980991901645236
0.514893395544699
0.299594644088643
0.113706146844319
0.559884938975311
0.0631807250396106
0.069411683338524
0.0478076960408376
0.306575525022315
1.01902660014231
0.125204746254341
0.291271235071987
0.16492660855644
0.0666062218773015
0.173837699700022
0.0992310975998922
0.439803233770381
0.200967636208617
0.337488900802518
0.106211206200469
0.0846352476848085
0.367455802173018
0.707999263526804
0.18953620587519
0.828520302072643
0.106265250394813
0.314716256748419
0.269642404060928
0.112447969590436
0.502564258048031
0.127017136592352
1.39561031761896
0.181343578713798
0.143585279950817
0.198548091543313
0.978177107279613
0.0876226399721748
0.240931513598873
0.344301433772096
0.122443666644196
0.128081733778401
0.133583632655493
0.279649434916831
0.118092220660289
0.261291359030992
0.833315869120363
0.0885059109346601
0.145627905240216
0.211609693568182
0.196965559176254
0.405247404189037
0.338087206808652
0.136241304230236
0.21132034882412
0.31661241312153
0.125995578826854
0.334536554318788
0.653455615692704
0.243611770724513
0.389658417925966
0.606134481917975
0.469383626157637
0.159604344297252
0.234222082508436
0.39252993154539
0.199988890328033
0.293951614507488
0.847847293963111
0.582368351771596
0.825974840684605
0.235004570449839
0.320757125331156
0.160702858637058
0.177801711099689
0.514559706287643
0.662758783730624
0.336403873104199
0.125097248403737
0.439011344495761
0.0806754911079575
0.211669970435911
0.331592524724
0.632704937757231
0.421048695785165
0.442111699878474
0.297689992189598
0.167911630923813
0.135011573832162
0.231421154295918
0.21849416059199
0.273066513903314
0.297768587419924
0.637325313879382
0.119098013444174
0.118942238240308
0.121050271621163
0.229617848646313
0.406403118859619
0.137622788181855
0.12781093191975
0.179378057150733
0.316137350433888
0.763962058107762
0.15785364340208
0.136000872116968
0.134679598900841
0.133075700880687
0.192982717513697
0.353675050217474
0.46246603860729
0.200734692944959
0.244706815128589
0.200461125282901
0.166710000716396
0.159655085467057
0.0664016983234705
0.243635601123063
0.360293060048077
0.877560331959609
0.216710509687613
0.336306712209628
0.169535664187532
0.225822594161489
0.298864677718659
0.137597130451504
