0.16936576449914
0.248768669285276
0.472144305648049
0.72863134425319
0.15071372531965
0.399437495367007
0.0960163447666894
0.360748568324567
0.742830686922352
0.143694459216101
0.101100688898389
0.536043308984089
0.548307960205195
0.238880953777699
0.615460325311256
0.231017227476382
0.38717623671586
0.614283600719163
0.338685601545772
0.323930335091221
0.300054924186912
0.224563322765491
0.332441328267241
0.152577020395763
0.32548481235567
0.0889847570903187
0.161193605566023
0.241619931234108
0.721758228494544
0.997006400016385
0.152042298026589
0.296506301729524
0.349358242302343
0.0926380925281016
0.163305222293576
0.113818379096258
0.423714115479931
0.19647589652243
0.488100618952257
0.391719998868062
0.07762867142949
0.46647669048266
0.251180075473596
0.169167680559267
0.0995751009160788
0.206143150081967
0.455382704952028
0.191778174014262
0.0827203984921286
0.441754567711703
0.489078374822839
0.237224982412233
0.517444872173575
0.767535156224343
0.157296966166548
0.245736532353238
0.233154277487484
0.324807578255683
0.556124555048204
0.166821196707915
0.175515397430031
0.112931326383272
0.133721214440261
0.552551231887283
0.506464103474169
0.0669403261253507
0.383028101239734
0.153373583299021
0.190521779328111
0.249127134598337
0.441213018844075
0.0660448864326504
0.319726788894626
0.149661507956351
0.0837935107321138
0.370591787485594
0.16152862240571
0.303837083653103
0.069680217612536
0.666236755233533
0.825043157678785
0.570215305478428
0.147869890355969
0.448213333073784
0.222295028165783
0.150177252551106
0.13948756802984
0.358278513860594
0.397438319564686
0.161087634481755
0.159789015257121
0.175118394302315
0.422748815520361
0.278067410413895
0.580385290378707
0.802582004926958
0.249733954059524
0.686040379478501
0.543940328868808
0.168766443716296
0.143963158285281
0.159952221716091
0.123817461567327
0.331938398700143
0.153798903276786
0.0948660553279666
0.193691748139696
0.119707131056354
0.142280817488328
1.18993602452804
0.0488231093868634
0.232904805854852
0.132400533062708
0.140093901760283
0.183497570634589
0.388871658030257
0.25532961545523
0.117296389774882
0.527480306796955
0.205099168143248
0.0402830648304891
0.328805926131634
0.242927688957286
0.0918534138922087
0.193770945829167
0.168084333197638
0.117484197344965
0.373643835238211
0.106668456362366
0.549449104509911
0.18340038653742
0.200093726998294
0.531511970848778
0.0773734015629857
0.143871953387525
0.104814179026219
1.81763072636094
0.153217478007811
0.648148750635492
0.18822819300987
0.148955086615997
0.322974837184873
0.216901890897093
0.653570302637341
1.53641364012851
0.625450013175458
0.143825364278757
0.193825668277168
0.239890854478791
0.191184932720964
0.0934312270760372
0.133024144139942
0.230884134920649
0.139466612559862
0.291389456169563
0.160565362789691
0.511453705541788
0.764537496384525
0.211263159175247
0.167609234258399
0.258846277479863
0.668726627215643
0.189944598707716
0.16537875822188
0.172477675810569
0.217663730303161
0.068451767781599
0.276309088815608
0.102662482809373
0.356029011486955
0.268662959112735
0.629885595682093
0.169683314905755
0.239001233632664
0.982020928634694
0.515157243892118
0.29987018016943
0.113754872147631
0.560123163771586
0.0631999191940629
0.0694553856213859
0.047834851022525
0.306746320555477
1.01927646588251
0.125330210417812
0.291570312079368
0.164982807545566
0.0666378438869396
0.173897580023495
0.0992533830626938
0.439930388382435
0.201048929819735
0.337631543608506
0.10626051335575
0.0846821349433044
0.367730160084783
0.70824916469647
0.189630287521387
0.828760807984351
0.106307684230787
0.31499730311174
0.26974613665718
0.11251631680584
0.502891551723896
0.127059511367188
1.39623711501981
0.181442722863132
0.143641399029869
0.198647076958162
0.978994894418348
0.0876456077539678
0.241056439185633
0.344457139630737
0.122507385172047
0.128169431029887
0.133637385162239
0.279834257423847
0.118223766442597
0.261374679697383
0.833913509681678
0.088548285426743
0.145696918953768
0.211731880833663
0.197045753458709
0.405413021066271
0.338366335602946
0.136270665054571
0.211404847512605
0.316726338219862
0.126042380656139
0.334648482392206
0.654419461495955
0.243701637130915
0.38989293093448
0.606446327114614
0.469690238953424
0.159678050290867
0.234389394365843
0.392679107317613
0.200074602940664
0.294032303236975
0.84847833995992
0.582674022332032
0.826556198783522
0.235086601272817
0.320922340717507
0.160748238187743
0.177870102121927
0.514809275609611
0.662955147794962
0.336603504560168
0.125130280307988
0.439134281365946
0.0806888294852464
0.211715584573927
0.331703796916852
0.632870323203687
0.421409851049634
0.442346014595725
0.297903599689535
0.167965554585622
0.135068789723101
0.231750671707592
0.218621911927532
0.273243246397949
0.297840061790933
0.63764484203078
0.119162432083151
0.118987812492434
0.121098690845511
0.229744966649785
0.406595068635455
0.137670541326395
0.127863086089388
0.179421805764911
0.316315868558869
0.764775490321673
0.157894370344979
0.136040998698867
0.134739330519572
0.133153572582132
0.193197883320906
0.353877662349539
0.462734920033438
0.200799643777965
0.244790492782966
0.200554070090842
0.16677043704664
0.159727382480948
0.0664357528676746
0.243804073995701
0.360415305537849
0.877789674656444
0.216940519137096
0.33661323290609
0.169645021839764
0.225996425737591
0.298930501319625
0.137639993498392
