0.627660389773482
1.17067991502791
2.34189962153564
1.34583992576347
1.26610805628584
0.981986121547426
0.673936714291071
0.695671692813762
0.260983999036261
0.626760866497512
1.03670260301548
1.43393388376799
0.512596202066812
1.93188408373829
0.643448183675041
0.473977086673967
0.997367623229945
0.649152186069858
2.13429884611767
0.279516742245515
2.54308728149485
0.769998199326448
0.526990351040451
0.566528738483148
1.86504667517533
1.77789197646317
0.507777302610865
2.45774447035961
1.10356186474915
1.24981540114131
1.43933766856579
1.06588501069389
1.19727892755476
0.697862325397088
2.95442067089897
0.503280257447226
0.310734771241144
1.67762543842934
1.92504011968191
0.506362655031963
1.0470712607393
0.54090018498813
2.65158929806611
0.579597768185365
0.424938342116655
0.935614402920705
0.392022714292101
0.85674049995448
1.28973055544907
0.801804061144187
0.485724391238643
1.74516663878064
1.29861574025509
0.522107819700436
1.68738222207918
1.12539419171095
1.24625348480373
0.738081042661815
0.534283946682738
2.30074996929008
0.952194704211838
1.02440420954185
3.15701561684521
1.42884110468938
1.19798436433051
0.274735481177167
1.97830981173232
0.586793452283173
0.721456292636603
0.60238284521801
0.94715125286156
0.958377393905503
2.35933459824882
0.51566504212366
2.59485383649051
1.19053662235748
0.394828646695827
1.44385763305736
1.39211254059866
2.80238577002335
1.47285805480428
1.83853905320086
1.43587682843709
0.540227249892529
0.399529056049568
0.42150677331659
0.502784601613409
0.619502825715503
0.874669717377005
0.719440852752526
2.1505022241229
0.744024714771649
0.689189872358031
1.47042981930721
0.439780332504735
4.35443013103472
0.871789305750682
1.04122660468274
1.51347052987258
0.504985971773611
1.1054342375772
0.729310580664695
0.642928839024886
0.57941297664957
1.38318293623466
0.563018316344463
0.667941493526843
0.545098029275188
0.46772587107917
1.21802147710467
0.801140148335011
2.84298137446035
0.853510821364714
0.692855563978887
0.407099541506114
0.629054800363769
0.435419381194623
0.458012843352076
0.878356323136011
0.350949004606118
1.29493629019091
1.85968310701101
0.890147260019129
1.69493896393241
0.97781278591267
0.48177129576074
0.315289349858092
0.962298624242912
0.488101676649984
0.754839872406251
0.515183335179145
1.29601603506588
0.294519517827835
0.167552741656769
1.15832092784369
1.10370496387678
0.917312758561246
0.735068319287288
0.507961178846335
1.23702476606648
1.18450499978721
0.612070813336584
0.544047807838042
2.28740510460637
0.282059720315548
0.669910314410694
0.912429520827222
1.79034229154567
0.341516146460806
0.422408264493017
0.920587203188255
0.455146564725924
1.83658468471877
3.54891163221701
0.596628223174094
3.4367105996256
0.239513853216348
0.668544962630874
0.530327454904321
1.70567344775152
1.75485977082806
1.2929004465068
0.810641173458279
1.2384689496593
0.33607150346936
0.817305126371825
0.0683669663092107
0.642674016496109
1.0520062999296
0.425974268050397
1.12767335557973
0.520901181200967
0.682138556211697
1.97465196079619
1.54141947867037
2.00242652445138
0.272999351332936
1.58346527177764
1.51187230404012
0.519886311209225
0.447394275881
1.0412928990255
1.59877032093544
2.81746235411853
0.897406302459591
0.625695727306972
2.10354331951239
0.835674710454063
1.03593493728154
0.448032239487812
2.91822681531107
0.705041191148135
2.85185911391075
0.293487592257677
0.790289534322701
0.757584405864426
5.54405444401074
0.509201867620298
0.460797007147241
0.396731121084596
1.74666920125562
1.07258767641891
0.284750949660203
0.911094615275343
1.22350901892582
1.49811690060675
1.35943475051206
2.7320627042496
1.00477891035399
2.97608805955449
1.41759947690994
1.36599544333369
0.779699944168637
0.686845324009755
0.526718721914225
1.62521032414591
1.34604484941307
0.239399420204914
0.940016005554866
1.81475042618283
0.819256083432573
1.05524572648662
2.24217448043324
1.19267355138718
0.703769567787413
3.24300043803974
0.75420279417702
0.218591554957515
0.659576485457207
1.18599464070869
2.34545373617677
1.41482164135366
2.34415071530517
0.75431118463528
1.8104249065641
1.49882127806561
0.879177956772968
1.68056817973142
0.52090640640215
1.75640420033958
1.0323757419639
1.69222492701261
1.45969309564419
0.799140143414441
1.13713806528003
0.452166010487634
1.45777580609949
1.16540345419323
0.670343181479979
0.971341156781712
0.370081845002597
0.595287630208199
0.263493353668107
0.956825832596333
2.08382948261357
1.38854711532295
4.05135517360394
1.46674779518615
3.5215587879702
0.48746135516153
0.790011379169274
2.13600723758554
0.527360598373468
0.564682286410315
1.43222151543245
1.06689077925538
0.856100842652062
0.712648002144476
1.9125767842025
0.897662684152103
3.15836695505197
2.18401615114319
1.73643290932125
1.34285812387547
1.85005437074462
2.00521203943947
1.70743235854639
1.55895154940264
2.82683938054039
0.585874349132205
2.23869240567995
0.238879435490194
2.24600325711488
1.20776469812414
0.943105660439335
1.12068274543075
2.13668053150556
0.569428207715777
0.796418489501225
0.159638885742143
1.35802875521941
1.55805405392836
2.77916909975817
0.866008311281391
0.859378975768915
0.670681254781537
1.93451887187885
1.84100220152107
1.01910984843224
