0.161175098446852
0.249326437559461
0.417340687269057
0.46959985197711
0.132366663775679
0.199333918980825
0.192117498443612
0.206082772044455
0.155415391518312
0.0909034537581944
0.090702966083199
0.231403774275395
0.0686918110018294
0.184997087222363
0.158413571102004
0.635277176675027
0.196128375272283
0.245854171815931
0.794726514228996
0.0623265365442202
0.198230242382834
0.170820054003811
0.227815896929094
0.229180270768089
0.369474083006821
0.40079550123666
0.0988112331757718
0.28735759744749
0.315658241997362
0.604645804751604
0.249070372429
0.265164361342262
0.245002878493792
0.126979059070808
0.313258165266243
0.0887238958031576
0.151046490824945
0.33030926079475
0.523534639020954
0.272858425561322
0.0914620106275962
0.176158854829168
0.712637433561097
0.135932501576726
0.0580647240528323
0.117309061901366
0.152096709349205
0.164197263403646
0.0885133211327312
0.187254179323232
0.0529463427530294
0.342035570852513
0.233155913868453
0.276955376170847
0.144224149568077
0.244121134351392
0.253134080603161
0.153805367140107
0.174741881011167
0.389893027768377
0.146450880131249
0.0905279777125901
0.287039495697319
0.25406696990688
0.259587138494789
0.112460727360664
0.402513733223018
0.149785749688091
0.122321808302348
0.229976231711331
0.453362423943037
0.140262544556278
0.466561965747479
0.0675758342627919
0.330922239456843
0.407909246932424
0.14878194788998
0.331166643776031
0.125573684763207
1.09362512334436
0.48501808705371
0.535091173937766
0.0756473901881539
0.158603709653642
0.0742734861364728
0.0820373963154328
0.120500308704555
0.115154387692772
0.232534021440535
0.0771485032572509
0.527134465151702
0.0672033825193128
0.324742825267847
0.31896981184508
0.241924420966957
0.841597557413784
0.100846173243002
0.239928465662002
0.13087665893715
0.153262283809601
0.269163544571246
0.16401181541528
0.195490719109815
0.177834211752257
0.203650671067101
0.0816091204080572
0.0950452979173731
0.0503910536167423
0.0980565215075416
0.490516736209664
0.326840376419121
0.249548834426843
0.134158609734857
0.11963842696238
0.213291138315294
0.104169063227593
0.121337548397798
0.0856017981143643
0.20840450674582
0.130750549084641
0.170759944529688
0.461165917549044
0.273600199711943
0.123842103471717
0.149226397463149
0.102021148165691
0.0575937540264784
0.348072681805567
0.0681480872583286
0.225456866787188
0.0897140835129073
0.166536375291103
0.175228973114386
0.0569265809149557
0.163883055018952
0.183822251145686
1.77465381162157
0.11038159039355
0.159840119901891
0.121546764656279
0.154391374111638
0.259145405814162
0.0688179581231158
0.513722429766583
0.299417713867313
0.205150876614044
0.385577042541515
0.238291634833253
0.100058095392629
0.241048519615632
0.117837562787359
0.0466508198225691
0.230776948354867
0.390344071216943
0.0701896392915891
0.459693367412207
0.0367627669349922
0.226909363813298
0.0993424224649875
0.381415339014949
0.25747059707463
0.437168430030133
0.238534054012022
0.180348901808901
0.108952655914503
0.173142258424114
0.132643613890575
0.0483471604454473
0.142951013549636
0.211173919825877
0.199865242547257
0.110502464716338
0.084586761368711
0.305536370518196
0.980621440623379
0.455417148929564
0.160048762864173
0.24557885812323
0.130593317834916
0.0640953005675106
0.0461638727608675
0.0734564565008472
0.387904775244036
0.632653695846032
0.178193118703983
0.121955797634375
0.666390797724899
0.0963480854400812
0.237476172587515
0.159869878147584
0.390295985046265
0.137776222726875
0.620136744868158
0.109619931912409
0.089309553519291
0.154600000446138
0.596759827326962
0.175625364996761
0.258902395487072
0.104540617075571
0.409441348774057
0.194699579917676
0.0510761483852215
0.334942138879657
0.136724332854009
1.31234730679546
0.194039297515422
0.199558324187751
0.277703128095965
1.02468704052681
0.185207933339811
0.224247708420962
0.36988296307071
0.0853113086640233
0.110904202229295
0.190666402013608
0.395242114298996
0.0728968157182903
0.267789361851054
1.01814381424002
0.108569357359333
0.160883208787421
0.23255246355727
0.242466084895924
0.0915957910550533
0.482018696422562
0.0821981630399728
0.197874843493088
0.114438601639065
0.240517735486746
0.527399044051729
0.851304306691654
0.482393518203241
0.0743080301736455
0.267668874671272
0.331473683572647
0.138510040572169
0.225301348425671
0.351670955594273
0.267006222878748
0.246991289884267
0.801777262194652
0.448720342990922
0.500472900679344
0.156023737245812
0.30850248909244
0.185554273860834
0.0991955471837918
0.513446655372529
0.3559466284539
0.128576740977849
0.0768921447449508
0.175654761568535
0.196556206906199
0.190581373840362
0.330878384110555
0.921749820179026
0.140816216610901
0.900652736892664
0.214893812770928
0.121269373700029
0.345177074237805
0.141917033540289
0.141873019388162
0.31472941102295
0.422210010047799
0.55960731494039
0.0663137315771557
0.288803318508369
0.0655047033024531
0.321992260559209
0.33431946960081
0.158606728713094
0.174992832938165
0.235543692222448
0.164989824349299
0.517986782480511
0.311940068432334
0.266075732521525
0.121721199723579
0.209200579371023
0.109270309938945
0.372234282566717
0.273096936951034
0.0890738550671284
0.114072590795167
0.373996718610649
0.0724192371354834
0.117250024884265
0.0618760370784637
0.199307612547767
0.113615558366714
0.581525587151433
0.0611667312088571
0.272187831166592
0.0940358050490769
0.167622417822491
0.340239899892865
0.184952973995617
