0.669159235673848
0.897731667819672
2.31354908711328
1.78785803543424
0.71690192988225
0.528163274483975
1.14373867678154
1.20058157325367
0.852411388985552
0.605550034891871
1.2496057839543
1.19285904157279
0.336013969288493
1.01483801219225
0.642286742207896
1.47432045387733
0.829941921601133
0.903186459957767
1.88868105928343
0.109608313707091
1.62657387857721
0.579031421039363
0.704038101121613
0.581414493546094
2.90727316756057
1.77944303364453
0.507847531049025
1.85486106769326
1.15553240465409
1.23926347944229
1.13939387492642
0.880525067809103
1.34503713378579
0.837359456988255
2.54801540458873
0.396943054674336
0.798779254287312
1.74779881872635
1.98333257547336
0.662019001803197
0.928797261175792
0.652680749847227
3.22645939112869
0.302487581762368
0.630224605689927
0.631189142840886
0.348224481246329
0.505000735517875
1.0537024737418
0.605447272280753
0.106190181603042
2.15946723092822
1.0502318377697
0.517762253559364
1.13835724766157
0.928914774928445
1.25242978650029
0.709963862767194
0.402927804019141
0.668819756156425
0.645361370993439
0.843912331920798
2.80927775567066
0.903896942274931
0.952937745959031
0.735760361761259
1.68072946369196
0.468085024811821
0.544533645540077
1.17706475430069
1.56693115827425
0.878726598651251
2.32374293520835
0.318446057726794
1.71646116308807
0.945685905097891
0.462255414171787
1.21222673275183
1.04965202232906
2.53406658902643
1.2070378614773
1.70933606833106
0.40058448965329
0.388265988101699
0.206678723231224
0.362572568466996
0.447196886359937
0.582928095614711
0.453521286532651
0.488035764728644
2.11326131445131
0.871703738736762
1.31370403512623
2.05469980481433
0.628112406177289
3.32399767025981
0.788106177176904
0.91434779263227
0.969880710968457
0.913308596392535
1.09890950296708
0.740805942511996
0.763565504781477
1.13687388406487
0.877761575054668
0.464364006222602
0.586711447706407
0.329930783949452
0.321121883743863
1.18821267021169
1.71352449145176
2.07149981471265
0.542498574031072
0.711885162519494
0.873922329228785
0.653743865089897
0.634588994189975
0.550681867501671
0.767082378016639
0.450800636927164
0.61146358386401
2.36061587165467
1.50567426090206
0.893245339977385
0.984732916029617
0.562020826763396
0.31136628117407
1.30713834892764
0.571190856357106
0.851590687705705
0.543502029553769
0.858056065385714
0.527104119833305
0.201203122483361
0.996921564465508
1.22434078155389
1.48466577051477
0.61789036863075
0.213085488675246
0.756857303457081
1.10383083853446
0.644390637380613
0.35335471932131
2.04081817737771
0.166412868507797
0.583875730509273
1.73470943247924
1.18320891673674
0.153857697287297
0.503196297032926
0.75041352729646
0.305699823909897
1.39798294644338
2.58677575590021
0.348498319521032
2.58926844512009
0.0973604328706877
0.52776648303076
0.425772579628844
1.6336840729392
1.438163205294
1.01258025514735
0.636824390767015
1.55182060805327
0.54239410471589
1.00427632323571
0.112104963394185
0.528126547298294
0.746304839185669
0.407737217521596
0.854380889189747
0.294970129256746
0.329249878711039
1.71198155472504
1.59400326980858
1.80703615104814
0.413766888614545
1.41398141494028
0.642475376316148
0.2960959556957
0.463108917464269
0.620125653381131
1.55658331351474
3.35450539928125
1.4362098974373
0.872935915515573
2.062203633347
0.462443258651455
1.2265041530801
0.643627898221398
2.11928880273303
0.739744914581667
3.10133532315433
0.63198583492226
0.669517017710947
0.408878253042478
5.09939243850459
0.992177918987696
0.300009386004898
0.435828725007605
1.59308863311869
0.620258717148447
0.216522984818487
0.966121905638975
0.875661654224968
2.98081441358902
0.99086093479037
2.0346786984421
1.28726062805121
2.675575092498
1.31414457863126
1.4197866680789
1.22009470222845
0.560048113706464
0.45836254288346
2.38829026377226
1.21935521962067
0.324613526786218
1.0224364071827
1.74370245539032
0.554044211614461
0.743425261263057
1.96890073431237
1.02414651972973
0.361315569693432
2.78470270433722
0.587519284810299
0.328937750464505
0.45430216250654
1.00019407440084
1.80130481470305
1.47008574713389
1.51122330075363
0.490527594048251
1.62910331751042
1.47000556523583
0.877421345398183
0.835626496001329
0.938197017559388
1.15062945747256
1.23393931505107
1.37915140123204
1.47429276562534
1.08416597987294
0.90665668417553
0.842995054339227
0.550588896663992
0.651881326288344
1.52628780198181
0.936128807451716
0.540008695995398
0.687909646625065
0.139110559063357
0.920625795170224
1.86433764525621
1.45044816436013
4.93772174056814
1.06604781593005
2.82266684429326
0.358987029956603
0.602391911049166
1.77513778770263
0.56370532342234
0.42183365661963
1.09055996600672
1.44913289891385
2.03593787528425
0.524744956901092
1.82606977027921
0.939086064003336
3.43308561841978
1.44118332013811
1.50593150700313
1.22145218451539
1.82159631038544
0.707100939805657
0.320335230103978
1.46317606204334
2.04083014161132
0.608610791307185
1.2005861824475
0.219379182764662
1.64553053988442
1.10493870818071
0.397936057384075
0.595713935134015
3.5497495874312
0.270239576634623
0.534710657083103
0.159410906234377
0.792774287116314
0.613515106598585
4.05297464261319
0.380001764753375
0.728725504118024
0.323465827967062
1.89564004766445
1.39777060461746
0.96235460238246
