0.153426585914487
0.295869418985911
0.400338845187544
0.488150327967764
0.130639692736648
0.207877653781525
0.182764414359066
0.221404957735097
0.173271019795831
0.0895618256135737
0.0996149787763436
0.234652711887586
0.0723528017264459
0.187526638627715
0.237013015235434
0.693143615097088
0.192065142798051
0.241233129794684
0.883378076288215
0.0633313315767242
0.214761248825234
0.167052300332652
0.239573961053426
0.225980624368076
0.390213873349342
0.408781923302335
0.0995270487802768
0.286564132884575
0.302862237724547
0.588366027517997
0.239623549829959
0.245758440029668
0.271693954261731
0.123945837440115
0.353996562487241
0.0868256828451164
0.178928634234824
0.371025977864954
0.502296495343759
0.2778755127328
0.0897603165472984
0.166960782893464
0.668027676402543
0.15011184960575
0.0593283503235404
0.126224266277468
0.148480777535798
0.165815562237996
0.0862104183238942
0.186760324929979
0.0386823051270902
0.35897634454722
0.231492603844159
0.156661205410373
0.132188396697264
0.252579190943266
0.255525199446368
0.168166392822929
0.187428585029714
0.381903343951319
0.14159262158882
0.0876517940807222
0.290938304448786
0.258616186910701
0.272984435106516
0.119107992662553
0.412044158468966
0.149066730133509
0.1285922366919
0.210521282771381
0.39558939601695
0.127404715544893
0.416715408577179
0.0697396319862138
0.286651233001222
0.401374962007414
0.150869058920906
0.313504121347941
0.125058561644283
1.08215364926956
0.490352871853606
0.517911234071604
0.07328700788531
0.16670915947723
0.070318170016144
0.100779623213538
0.117644290553662
0.119457652019714
0.234875014809355
0.0744781514655711
0.606336318585099
0.0677337595302919
0.252409503027719
0.30794293868116
0.223201873604367
0.836294324478496
0.109790364200106
0.225777973367436
0.143528579801641
0.150787339284878
0.232379917655678
0.155370961304897
0.224273585992844
0.17816333674535
0.174136751070262
0.0719245004312462
0.0938816411411307
0.0488882754328311
0.106254249941086
0.471350248908012
0.323313199844854
0.246781313776832
0.127469640049373
0.120342953820486
0.250029457332097
0.139928439965537
0.112874610123426
0.0848549612556036
0.214639959232473
0.191447579055697
0.1853725460969
0.459650020203822
0.268799082651367
0.141796413153558
0.145090417926857
0.10598686217069
0.0520720695769415
0.354637289896988
0.0962232851256256
0.212587367435673
0.088694350993346
0.137546153361766
0.148261542482214
0.0573255684731944
0.146819976938479
0.197624436305752
1.76539730798755
0.115490033169963
0.163718413466717
0.1268177715751
0.149719773209894
0.274336227897481
0.070517683181261
0.509040423466191
0.289439809539007
0.206451227608704
0.376624103404535
0.243200534517675
0.0854810545310596
0.265311343922754
0.108700040989058
0.0420713428279567
0.230739588737739
0.393580543845435
0.0614456627310352
0.465849886873212
0.0276260120449673
0.237700203621905
0.107655433984605
0.402056461462962
0.25144112450386
0.4347348621122
0.241681390181702
0.171344124177263
0.108118375383237
0.168513094741379
0.124061520710928
0.0508045416598332
0.122542896522571
0.214456223298011
0.15865784329895
0.104187166878848
0.0749654563145492
0.356251175749247
0.95316777161178
0.452671157219541
0.162443426688192
0.222919919002887
0.130921187839959
0.0603054965728749
0.0470813694906826
0.0747511967018874
0.378865355955792
0.646231823468421
0.175792906370274
0.119203726284246
0.650900521251348
0.102860017329246
0.240488556707913
0.165635231621777
0.40475437407882
0.139064630103815
0.632327621355469
0.145743077837632
0.0955103933309737
0.151316063717566
0.613177396358736
0.16965789255204
0.284184963131387
0.102354767662939
0.442313177559611
0.194369346843453
0.0547609560405762
0.348429631558835
0.164020504738402
1.32993127716347
0.22390478270854
0.258475606169479
0.281105914810313
1.02457066831951
0.189858641286732
0.220752132255134
0.36562731864719
0.08445156183823
0.117851565389068
0.403288192438372
0.472112380725425
0.0722223865953121
0.255841152484373
1.0049246195277
0.111350401497894
0.165857747554157
0.227715347927478
0.245570073170966
0.0940676809322047
0.489339180680428
0.0849981081427049
0.18922249014561
0.118293330706184
0.248838889196506
0.46740424147999
0.875160753084634
0.470624690422587
0.080158962954082
0.289802782615291
0.331589862347282
0.144246042593265
0.190204091038744
0.335039738242619
0.237647862967931
0.242183346289701
0.842438488369061
0.449731605754742
0.511843806943833
0.16516180253101
0.294638884384137
0.180504246732513
0.110475417421514
0.524920348004305
0.329123921916846
0.119962970832188
0.0850475055521898
0.128608117335105
0.172120380111353
0.207068404427448
0.300383134188842
0.964319157271161
0.173211325101246
0.773498863362869
0.194448659749008
0.140252972837646
0.33628350703045
0.142366441670089
0.14235128285967
0.309994620178768
0.387530835988888
0.563332051250952
0.0887627961575061
0.275255446777321
0.158461966747595
0.325732561911132
0.357460796441079
0.158642221250628
0.174006377092502
0.229008102257392
0.15978714497289
0.21845786087709
0.310010320008805
0.255209216203561
0.118640551833612
0.208978853628789
0.118376557724309
0.437021538679644
0.289014672034881
0.0625475295480964
0.117828420154016
0.371639812789452
0.0753399798324493
0.105948365328985
0.0493878562332964
0.177683234927585
0.174959128274394
0.541358452248959
0.0578643864893917
0.267892423640698
0.0846192186497783
0.190375859266399
0.293863429034241
0.189983423315076
