18.6429439490546
17.9115905205526
40.80633427866
57.3053918958826
25.9522711475704
17.6983830162633
52.0933116643914
18.0838638568628
8.06337576322297
13.2622849201272
18.8145377475323
54.2487993961967
16.5306141143785
7.3175189915216
31.8487177623894
109.407863318786
24.7265388555562
18.9337228925555
135.507016805564
15.2117182808803
19.6903054816192
13.792525411939
26.923958867444
25.649950477451
128.212961040933
53.8281856358009
11.8938497444157
37.5874805400516
22.2263203966478
49.7699901067696
33.1994074274091
34.2181621522386
31.6731107030495
24.4734658531285
48.4898359106684
7.5726494994979
16.0302709200438
32.3427225557052
30.3409783822971
20.8771533439568
14.3778205253597
10.4447050657391
80.9902172691353
9.6343782284612
10.789801940905
22.7670395182526
10.9717761995766
16.3621485221355
5.22133021908499
17.193058440959
6.86153094283413
51.2342629230375
32.3837432171503
31.8103458180678
42.5858623503225
37.626964168943
64.4066704775415
23.0733500744248
14.8497515494108
56.8730163268051
29.0268250555086
14.8228030441548
24.3405751548144
56.5636341839748
16.888505216544
15.5507694729152
42.5038635408285
24.5794656445092
28.6329305615756
27.9854704051362
67.3767023911588
11.8939573898388
73.002092882485
11.9234424101688
40.1959845047851
31.6161756004925
28.0138588395234
47.2647559208362
27.5003678876674
47.1830785956965
88.9623262607212
37.6598745182676
17.4114928930167
25.5095063443976
12.9715148601394
4.59973623261897
7.11704839527172
29.597191865521
19.352664955514
18.1499040906283
71.2405188620514
8.21405233134963
64.1082122182369
43.1205085500568
74.4575370984431
53.9779072165956
23.6314053054576
12.097132048204
17.8932390373701
11.8221971418491
41.6682919463759
19.0945280600968
51.3351443214156
19.8936704600189
27.5651393836234
8.94386813327463
10.6634099349944
13.0299719392033
9.76303882785933
59.7567654018382
42.5497841850137
33.3613685935028
33.1364410372941
13.1589571394708
23.379190564846
6.87507387455608
16.2542269371043
13.2270949633899
40.2126301579892
19.8605513581319
14.0482755551413
40.9809168284657
42.6751554399789
19.9780760576523
18.8545648263752
11.1497863343469
5.35719329913454
42.9265789307502
8.72480571393674
62.9292656469057
7.72442032402249
20.6913143560125
51.0990326378876
5.56981612331641
15.138949156648
38.3987692442274
76.2286227042979
25.8182455279946
13.6854072716736
39.6955266745778
20.3336634565545
33.9421609455248
6.29467310683917
78.4973636925645
14.5408997952482
44.5938272143461
79.9427968327587
52.2044079048062
4.87703248770852
33.78135301316
23.1403921959401
3.61524877674252
37.2290889623292
27.2412360192031
11.1859715632257
159.556958201469
8.51098437951532
29.037339900687
18.0640965118701
55.4146458674085
18.5270778677005
23.3133613389786
21.5836824653782
16.6912472731569
21.5868639981249
21.9279035707717
13.2965712710179
3.78061854546509
9.81233089558361
14.1945785445668
25.7515689342296
14.8417494890211
6.02240937664305
66.8543246030786
43.532053634168
59.1196953337136
13.336875796663
29.8903105281794
11.6635357659258
10.1413585817141
4.3959165609949
6.12434033457353
23.0588176517733
170.89723412324
11.1520906404206
6.2889233388083
111.806327355738
13.811447426216
37.3283890038856
40.9418170092017
103.658244874503
22.9269762412332
57.0683992056645
16.3850824788232
10.8084833756366
16.6150201402331
116.675256641022
20.559175710615
45.2341099451307
12.974208265264
32.3072678732379
25.7367607513891
6.27649127736928
27.2159219633965
18.0927559641993
134.513444266595
23.7170119963096
23.6786840209353
31.9611815463207
64.7110568788397
44.5609348319169
31.383698404734
50.1302720969463
11.8682799583093
11.952286489909
23.9850915589379
46.7666434151645
4.31430662815575
73.8488168107183
83.0030948821416
14.5500314740532
24.9151117951287
16.3215218201432
34.9864333053296
10.8175658949583
38.3014048073351
24.5881725517881
26.8735289622022
16.5847193769007
35.1755650378218
96.6076936665176
50.2678037333459
71.5076042915905
4.58463428613492
36.0723695796067
23.8669553993056
18.9338574460355
17.7291975582451
37.7790410561345
47.360789213595
46.9801643778433
82.7934758544734
41.4832586442548
29.2391605047346
30.8888708941191
28.8291858401992
39.552511857014
15.706617845534
57.633972336933
60.2605321989608
5.79803757138423
21.3455757113524
28.1586402674341
57.8433878736372
42.9108649203925
58.4242608158707
176.196946324198
8.84621805843558
135.886695903543
18.531473260185
23.9854668357157
48.8153976084785
5.33925905365688
12.8698976962727
35.4556476568619
103.247048411845
71.6607942208306
8.46760935677153
37.0746642501891
11.3989321443401
33.9328942690547
60.1901770315953
32.4776807332041
31.0383519990728
59.4435166405103
14.5569944427322
29.244198001577
68.7553824678104
41.3796624940924
17.861088642253
29.2765959036186
5.67100339124597
26.8132235886195
30.2386277920054
18.0156863823155
25.2510668793283
47.4441251368928
13.5406487844919
27.3026904861188
3.1560280152844
13.5767403361292
37.1055030827443
138.895728422157
4.35702081781365
16.8769491038094
15.1124307839246
14.7962556450563
118.218223759907
36.0549254964279
