0.179675125590921
0.558896674584998
0.42112054539114
0.239647418502439
0.220121241540146
0.247922386905182
0.252830739234814
0.358847878177077
0.0619561740499054
0.0917600616181523
0.0878347470227166
0.390129945015901
0.084328982662534
0.141966126213252
0.277068119162317
0.313995307246199
0.211070812453998
0.189083742936786
1.14028541573927
0.274234053121982
0.37442195729275
0.152494402030822
0.204181914784878
0.256256890814862
0.301628756707137
0.327282369722737
0.13968075558679
0.454440114625854
0.51563545032653
0.608724641285661
0.168129362799452
0.383424771286604
0.144021850097502
0.122827335489006
0.589258947645151
0.107188985930461
0.127884896013794
0.268188722076386
0.518658626256756
0.258206516255522
0.09686207560774
0.163325046059515
0.643677976985863
0.14254142963203
0.0537255528483074
0.169059129710629
0.170073089857808
0.183844896863835
0.140915522470718
0.1652773440577
0.115370448897605
0.330173556502086
0.184606794744185
0.235084842668906
0.201405018180653
0.282595758698514
0.243503929378908
0.172672202135332
0.162843684725547
0.0907210026944178
0.105108552606472
0.136801063198425
0.355894389130798
0.322372677175606
0.328031695612285
0.0300357464894368
0.440818294673861
0.154971294112367
0.136613529204569
0.126398745047875
0.0684050758349998
0.125439745189521
0.546772945264759
0.166383738975923
0.470899009760773
0.584021959809026
0.134971801854382
0.309593515391357
0.161885813686073
1.19598307201497
0.690989005210918
0.583468577634241
0.0711653068791486
0.179576778439152
0.20273619863311
0.106614049743229
0.120406253337244
0.121334943254602
0.318675499137111
0.0852250419220286
0.641113291692644
0.0516310406397575
0.121436831575628
0.180944207783746
0.245399856365737
0.793439947342081
0.0954899887982272
0.189609511368804
0.176073105619154
0.083970837320792
0.231032544648208
0.421839955670443
0.068915479099198
0.092933877350289
0.286095801178797
0.178264167182041
0.109671918336729
0.0769714882053122
0.086717312964072
0.455142197451837
0.17106971886813
0.308208578075146
0.177779575434018
0.126539798163953
0.238054386398498
0.110502707355072
0.0773922528664372
0.113341116292933
0.198811145750578
0.123814228329851
0.077753605626664
0.520830050648153
0.380588829847695
0.154067780690511
0.185598914699914
0.111369707375624
0.0792181657395479
0.34983473659973
0.0739535278183151
0.21959794570491
0.0951401007580273
0.214847180880927
0.329650632678088
0.0532570273443653
0.212040819463648
0.253548601016175
1.75763226765181
0.124546658521469
0.323059188419689
0.133841515312197
0.15820937256372
0.232642826029294
0.104639069186213
0.508451678804881
0.27578993558036
0.256692837610289
0.452368994269275
0.260858524098112
0.136693947077604
0.200914001564714
0.193309006917988
0.0661882012364544
0.221623412652921
0.463191581919469
0.0590768519897121
0.626450705281503
0.0687986676514133
0.25193942446212
0.150866063863869
0.406983774801338
0.258906094236595
0.452830585385617
0.258061047062272
0.131248544105749
0.0900591035169369
0.219808050861216
0.137886613152977
0.0962765957869724
0.0643763023171736
0.218257604185141
0.318368352237584
0.143567944821046
0.182431885828494
0.499621493346918
0.969603186115707
0.504195651864921
0.193868922534738
0.247682467291227
0.540094048062485
0.162538262187815
0.0586158264675314
0.0610120653636468
0.52199859016401
0.639103316507146
0.199378607413575
0.290792578126059
0.594568803300408
0.144756727092429
0.246565319784177
0.205664504566865
0.629439413016283
0.179436236784792
0.589182260791422
0.116108410998092
0.0823367568307931
0.178371507296613
0.558383325168196
0.139102780996443
0.305545607684088
0.074556571167726
0.556746557668627
0.236502658608218
0.0488885364329019
0.259632473071857
0.239697716288457
1.28714686183955
0.268428630743495
0.0796101037952913
0.371268386848202
1.0392208300864
0.18390300793816
0.229451535279436
0.226206656567654
0.0986823211347857
0.105196505048286
0.169498191546192
0.479610890191031
0.0537051482759636
0.34619584578981
1.08081853331653
0.111915915964969
0.242747949652571
0.109029097049685
0.23396943771225
0.210263216868906
0.559272583995908
0.0836102875665033
0.154060604815499
0.0715616495340396
0.320299736056624
0.644066366013021
0.836495230881325
0.719167348225752
0.195395603825859
0.294404314639717
0.370685941306605
0.142684037734529
0.321552095884885
0.241214605595533
0.207117903347205
0.301342416553785
0.829446585260724
0.439703402028517
0.330721064673183
0.195855139453838
0.30212912576519
0.194406364649276
0.224338742863898
0.386161606194387
0.360677515269419
0.0961360957532799
0.0831384887916244
0.125177856702656
0.202850983806773
0.340597860394841
0.28881726488865
0.674463327701247
0.236864944176686
0.848042956713918
0.218423550018132
0.175417426125666
0.447427778173872
0.132929400045204
0.123750534518989
0.531323408150645
0.278590019699304
0.749942295067118
0.0391591206863638
0.258092412850762
0.130394473397234
0.314475239526874
0.465859119032755
0.213315515461006
0.169515919320898
0.262064815276022
0.141007477013844
0.434798616743787
0.326238322670242
0.282828429297117
0.120465961895994
0.26368437025161
0.113524962893903
0.677752406130296
0.260638507541872
0.188582829945002
0.199521761303378
0.649655172157583
0.112767318023168
0.122878283112101
0.0502350177037909
0.345473101872087
0.10099833707902
0.390920480379024
0.0616226957100589
0.313286806288799
0.128225599541294
0.104435632257194
0.425192048758742
0.232975865499984
