0.161624712482782
0.249156639987073
0.417706797008629
0.460498730013311
0.132259793999887
0.19809046972327
0.191628479476754
0.206105598275042
0.157563757022386
0.0909123623225217
0.0907034492048649
0.232126853714748
0.0688419039262457
0.185055553312797
0.15823711764906
0.633474337302686
0.196303431973507
0.245877104362334
0.793914731104799
0.0623924848743236
0.197971915714765
0.170820054003811
0.22800495319177
0.230525054079973
0.369834377247308
0.400327820736932
0.0989062887205368
0.287472229276021
0.315999288004033
0.62351142606367
0.24933210312682
0.267734485643877
0.24507744097852
0.126571063313571
0.315093409534437
0.0860363757859174
0.151023472386119
0.21802772915282
0.523524802965251
0.271964903814223
0.0917119228270604
0.174827120214599
0.719410132118946
0.136854467769485
0.0580917336880692
0.117108658330029
0.151593608652321
0.164336737578362
0.0884977708536651
0.187571122445207
0.0515396427265764
0.342978660681491
0.233155956800643
0.366346061841648
0.144441500513174
0.244553957482859
0.253029072523534
0.153977717900631
0.174682208565802
0.389760343065613
0.146454111114663
0.0893916507091679
0.286676426293104
0.254022082444667
0.257745763847884
0.112663264528046
0.402322388320856
0.14986412212016
0.122196287999491
0.231011813131019
0.453456464039053
0.140253690710001
0.467010570900218
0.0678193506069014
0.330882543657193
0.412721382056618
0.149084969835499
0.33115973666815
0.1258936392304
1.09399522370175
0.485016403068572
0.407539529007102
0.0756953086142896
0.158216743585954
0.0742668989214985
0.0819001127252801
0.117200388019947
0.115104210800178
0.232834115513843
0.0771450932443077
0.532289052762364
0.0672403916578453
0.319941584638427
0.321443372623632
0.242912916069711
0.84160747490262
0.100864316203935
0.240368597445343
0.130504181323399
0.15272846892867
0.269024623355516
0.164000727842974
0.194874670752016
0.181272969520257
0.203871298708799
0.0816006169480752
0.0946940606923097
0.0505372219974152
0.0979392352686499
0.490279820923442
0.326945279927414
0.249153667143332
0.134227965096576
0.119656488822812
0.212809468784506
0.101016851475612
0.121912086810852
0.0856078599727755
0.20843335727127
0.130704767139685
0.170862224225802
0.462045681980778
0.273271871837145
0.12109946192155
0.149653524874751
0.101985937359751
0.0575916193153295
0.347959224050298
0.0692398682458012
0.225888646912565
0.0898965850652242
0.166069310811284
0.175286435598456
0.0565824718300343
0.163917461776107
0.184789940903538
1.75730914268828
0.110110770771224
0.159798483952278
0.121560517400954
0.154504144481216
0.259138152440972
0.0687308742909181
0.51199916903982
0.299495019375348
0.205146187542554
0.385628039382764
0.238620007975403
0.0989334983479399
0.241159787417034
0.117551393367208
0.046553161326964
0.23076837235054
0.389795859905477
0.0704439072685914
0.435343850631053
0.0368537528856161
0.226336097884957
0.0993339142221637
0.38098155421523
0.254191179297717
0.437161862199957
0.238385300028887
0.180429543986501
0.109110513281657
0.173148806141307
0.123574088132878
0.0483818573394316
0.140211548911761
0.211511799788776
0.191867709887046
0.110568193345816
0.0847862227361567
0.305925701510016
0.980674463043065
0.455368138979855
0.154543558313843
0.244903278982835
0.130128126211942
0.0647561771137716
0.0460046823718094
0.0745748827228794
0.389098191540245
0.631202029297305
0.178193696543321
0.122525673406994
0.66556812463839
0.0518856225559663
0.236174279832909
0.159865753131538
0.356356081742166
0.137902195570811
0.622321160844027
0.195751720878566
0.0895260255766892
0.154449051267611
0.599451275175325
0.17584145574797
0.257285085384927
0.0879621876907506
0.409930563999199
0.194788795868143
0.0520790827209998
0.333135240147666
0.136132514541672
1.31243861783817
0.193975735634069
0.19982148625772
0.277537635106638
1.02465027568054
0.185414382409182
0.224235522822862
0.370374787932617
0.0852860654496738
0.110759722407692
0.190696814011964
0.394926671849851
0.0728872261541469
0.267796144145894
1.01813031343575
0.10884993289097
0.160646463427212
0.215488040157574
0.242427988768553
0.102766920795006
0.482380438898195
0.0823669541694821
0.197976181838642
0.11439729091317
0.240902270480369
0.528022953173294
0.851265255818525
0.48417602668587
0.0742310338659563
0.267816666893123
0.3315116128475
0.138397122345922
0.22388882837907
0.350243257406995
0.275089633450041
0.200835473984079
0.801753765945292
0.448826653624866
0.500420828714621
0.155991794269229
0.308530420082218
0.185569828100221
0.0998249517058693
0.513372275417517
0.353056497452044
0.0558729311079298
0.0766681973201716
0.0980824413002391
0.196031275709737
0.19059724874611
0.328786834542711
0.922703788781675
0.141634819491479
0.900976029998752
0.211085053087214
0.122309651676302
0.344722213924753
0.142017675899493
0.141658348983356
0.313526888926274
0.421306635408843
0.559752326255201
0.0666132022764312
0.285703649295797
0.0656190015181759
0.321886131146644
0.332878690193101
0.158761896783592
0.175911610347329
0.235752637752849
0.163828973813385
0.517196219164016
0.311961348526417
0.266700336322621
0.121931531257774
0.209325137395641
0.113427314689789
0.37216432056787
0.279148468780403
0.0887375097989231
0.11424795642127
0.373808556231891
0.0722891531271413
0.103466027067675
0.055416636947023
0.200550123495265
0.113834372906742
0.572230723853647
0.0617662448382816
0.272267899398817
0.100199263026461
0.174570341912444
0.340482933191829
0.18530594616613
