17.6015613365782
12.8436266203533
32.8310328171622
34.1765600280516
25.2647412806472
15.8098109542356
39.1266217518005
9.81249726355303
6.52926914117781
10.9148608500185
12.4306155215094
35.8143326755145
8.77621689496734
7.15038243477996
29.5204811446609
88.7362821544819
17.8803550184353
11.2437661674408
113.594550666999
24.1128546382951
15.8423860576878
11.8816743255109
30.2658483252615
29.5673291233862
147.325682728003
50.9046221048195
7.75427777352248
37.5257885208879
18.2234543538887
30.9155795097691
23.1400153966477
37.3156392617663
35.1390561162514
18.4597336814491
26.1886270244823
6.54684485044614
15.8699920930344
23.6667609874438
24.2767106348133
15.9809921320983
14.1599561402566
7.54340240016527
72.0096484785878
9.46650638445028
7.52049741542663
16.8808822812523
11.9663266024327
14.4281605219365
5.46231259637815
13.8857564685164
5.80512330365982
36.4141325499745
23.6583317970551
28.0319833585967
35.2261344225725
31.5751110779853
56.1579612909265
19.5147401263432
13.4856376133484
47.4200391140459
24.7544286524451
12.3920406009099
23.01422838388
44.5658294376856
19.2015329737285
15.2159904811361
42.5466745735658
18.633380026125
22.2192257156664
14.7441333247492
84.4486146098588
6.76151595453389
69.9389480539407
37.3430353220473
41.7849276659709
30.8579493439659
23.7651847364391
47.2208910012911
22.1500409863912
46.5629234586476
70.3385359162535
36.4737518970943
12.4866050135305
16.0995772807724
10.5224703896659
6.46330675172911
6.08991740747404
20.6861874327026
18.8314323675384
13.9327437272206
66.6892954143213
11.3062724207349
62.5557277534961
37.7266827429376
70.4831699680151
48.8726350867761
16.4491803013874
12.5875630099574
15.0177130771252
11.060527934308
38.9762776068609
14.6025398337211
49.9509993563104
14.0352475472423
25.3598376575488
5.85884817629264
8.41165408148703
14.9095565678123
10.1779361574958
49.9295351529489
43.8139277406727
32.3086738600025
22.0721066476399
9.20149253932016
17.8345249019021
10.3054254166752
11.8558956176035
10.8964670779704
22.7308441223909
23.8126580998401
9.67947380948088
34.391408344198
33.0050935551675
11.9984853798376
12.852727601859
8.69871162630305
7.24135039960337
41.9361699369114
9.45419703587693
59.609662533084
5.28434124634138
14.6214688408024
70.8640465663079
2.66831332515784
13.3529235028558
34.9634667893624
78.1356428876281
21.7346368878479
12.7479653697859
27.6537394595841
14.0728255889451
24.4887645646853
6.763625094075
61.605383462823
14.9160183526103
42.34257398147
63.4879303419632
44.6498035560114
2.99978911285186
31.113443831125
26.796631393743
3.44560663934149
24.0900482097627
25.3900338651423
9.101690106878
147.959680638511
8.46075536268263
25.8203625466769
17.0853199421885
54.4731422004833
12.0278446475623
17.9373068922778
17.9663215041129
9.81410365493759
17.0373252614145
17.6412630768839
9.09275756421482
4.11203157146589
10.5301221136043
10.3640657584941
25.8453742985064
9.80547133339755
9.17707387037186
66.2837779697549
43.3267892498495
50.9224604808481
11.6955639337855
24.4830505654389
11.8100479944821
10.4331669025244
3.91510825474001
9.54539946229355
26.617936900715
159.797334013271
9.36934315805799
3.91966762505265
95.6272631271612
12.5200357903711
34.8165938900999
37.5012109099376
76.9828118720479
14.8301047447012
48.2697951022358
15.63988891931
9.85466812563828
10.1332827799079
96.7319634135176
25.1810205393276
47.5886634258115
10.8719314751636
30.7937166895234
23.3190839280122
4.95182900171931
17.8859448817758
16.7040935825761
129.708531252546
19.8539024191088
21.8925644096879
31.1266950528631
60.6358599725136
39.4400478918214
23.3113391952618
41.5809237188906
8.34928671691958
10.2380988638325
22.5833298857715
44.4039781362666
3.90462204575828
46.4067972532435
86.9848832017439
10.3396163485505
29.0712549988135
12.916052405448
33.3418727850996
11.1687899134851
34.409646239828
19.9482630194205
25.0949745973907
14.7676605243361
32.9174460641223
92.4996717268371
37.1997403714378
70.6655394674115
7.49098213015019
36.574040146626
20.5516903985369
17.1118342926621
17.852512127703
33.7756519930748
35.9329174256915
37.9051087159834
67.3088073395459
32.4996857313246
23.7966498301176
20.4386286094923
26.3292067476672
31.0507067943991
23.0543288763855
46.951390724289
46.9729348713658
6.40479716400074
18.4482518399964
28.5017582887229
66.0245307881724
37.79703306907
50.0045249713985
174.544386055298
9.61522372770215
111.921031262761
13.7434471584902
21.9867939880069
46.8956425155356
3.86833546059183
11.3955586542671
27.1808995527064
100.117086158372
66.5298977219227
12.1796619239715
30.7804333565083
11.0465266387412
29.7040424771952
50.7929743144027
21.8798556927535
24.661527785675
49.2379997276574
11.9311719876799
12.0023514065675
55.2910950195995
38.9414958213385
13.474096600853
22.3231387502864
6.29798952526126
24.2041180283918
27.8065384262737
12.303461103539
22.5584246953131
37.5289473138516
13.0508637941308
17.3949281299717
4.50172131893713
16.0723162761515
41.884017090372
94.54261163894
4.47065504741042
13.2341100307288
8.83235873538064
17.4759601205105
80.3210439198238
30.9327883944489
