21.3727307882518
17.4903419948658
38.7603808685012
40.133324038015
30.054859587511
17.6740486737338
55.0755424302866
10.8864242511543
8.18676732044092
13.5750431148006
18.7877987212975
60.7936075179582
10.8499588799026
7.39204062645638
37.6586282433885
94.6378195617448
25.1302201663767
15.1516700868719
132.586894958416
27.3410175550164
19.1051561587428
13.7587469283027
34.7924542174969
31.9182591090082
156.266504288098
55.5565148572892
11.1169589493424
44.2536485574047
23.6750146469143
39.8101878841647
27.9125927949456
39.1691328953706
37.1625471583436
20.7366408825142
44.8734276441578
7.16362245926309
18.3112554706605
35.0462459227908
26.0603455098191
18.291479994884
17.2599053333592
9.34011032987454
81.8639727954747
12.2230871343143
9.19679782100081
26.9033782100583
13.3541000927016
16.9872540338021
7.06145504653683
17.7595089068939
8.13075793815996
53.6320088277494
29.2998348219098
30.6767120336014
49.6847521097315
39.526622877605
65.2688561782493
23.1969770552351
14.145042737278
47.6104449171027
28.5562841946362
15.0837490615746
27.1034065787313
59.8271021863815
21.4995845386276
15.8285557234357
45.1962607399284
22.9449028006756
31.31390690094
18.7692123986316
85.2109982635833
7.98427866168398
79.0085750719287
38.2026238100548
45.6700330317083
36.3733901803042
32.0379104684282
53.2284675309611
29.0204707170717
48.4433979582277
87.4728623367753
44.0417965795352
17.054349740327
20.7813783210848
12.9678681690498
8.24395920912327
7.37774516673345
30.6422280149316
21.7087369695198
17.5563067450325
80.2697282953704
12.9799506393077
69.041705565346
40.9919944977734
92.0409280838426
53.3123295318473
23.9179048421295
13.6554837607418
17.1031679209848
12.4568606161554
45.1364336883031
17.5674573096147
50.9341113630413
14.5036960539287
31.9438745513363
7.43520959147964
10.0776240212145
16.9994054559791
11.4086908058022
58.7521466435262
44.9186392810481
34.2403929855644
30.8218971357084
13.3007505315734
21.979772049696
10.9013926405484
14.946451931444
15.9798097689894
41.6284593633193
28.3785570817996
9.85308158763525
39.6447551941045
42.596227898556
17.5695707883628
16.3511765831491
10.7108207195283
7.80402726840846
42.6031867214635
11.5156255278348
72.1731147562092
5.5737422783387
19.8269664791258
84.8791264744421
3.664030366498
15.6763645420134
43.827255806696
78.5330690868487
26.7225951799011
18.6867003988141
38.5554907655615
19.6753236701956
34.5358393706133
7.84017368936902
78.7980057742775
16.4631143953809
50.9244105222679
75.8933629461321
56.9125274583232
3.32274901798878
36.5706704997047
28.070238922134
4.04297636309943
37.0269901733827
26.3897246648388
10.7451102206293
178.045438929598
8.91845142048039
29.3690342565837
19.5649520623029
62.4987745377983
15.6365014335542
22.5067524407843
22.5952923037178
11.4554602942308
20.7097317068128
23.8473643574604
14.4022639143426
5.02984588790101
11.7664760347125
14.02839146942
31.6587824288678
12.875747621202
10.2694806938759
74.8107518238065
44.8719486651863
62.2471542037707
14.3199511582862
27.4370165390505
16.4586006832277
11.5734339394131
4.72266216363795
9.81096240625534
28.247130535716
176.677619931764
11.6645462573897
5.09796335767044
116.778951348688
14.487217398852
37.9504827785564
43.1298447520975
115.082088132322
21.1142179834801
58.7363091385705
17.7346746423141
12.8036005569249
15.1803991854256
118.31885404052
27.4706637290327
50.8923320215723
12.4818442574504
36.1553060790233
27.0078292403576
5.34339026835136
28.5920003902386
17.8640925469551
129.792290777908
24.2465184217532
25.8153009221698
35.5398168755439
67.8970622613043
46.6510269990005
32.3887475307848
51.6336179700443
12.4983598156791
14.5634062928384
26.3208761055901
50.8370491195729
4.35872006939836
76.9090316360588
89.0946020664598
13.9759069187041
32.6240501086925
15.4186095384085
37.6770633873519
16.0591536846308
40.4448066683811
25.1753515611998
32.6827601323353
16.4950220439247
37.0300480588408
106.809144005848
46.8565625648724
79.5301998850598
8.48370581031576
38.8235677068755
23.990878330989
19.0923271576314
19.1469603851195
37.0346020284428
44.5878584187271
51.4184517902696
83.3170114378186
40.0168579089163
28.5108849840529
30.2545804561557
31.6378948659264
38.7701898747337
23.6693812529184
52.3313530483645
57.9316988275221
8.51050703898215
22.6137886214831
30.9396204322216
70.5808724826438
48.7012365650237
58.9120574018448
181.516898289893
12.1390474823691
137.901898753534
15.641878362822
28.5174945693527
56.2970002109778
4.35133617156279
12.1411596435375
37.372128041146
109.413408207228
76.4833851456625
13.7534746597721
33.067103924172
12.4444709892069
35.4104997792299
54.9935796924865
31.3460093986674
34.1302923847333
63.7108789696728
12.8358029891112
13.506931033926
71.46167411148
41.3788915245787
18.0496987257567
32.186948543262
6.98697328111001
27.857028591434
31.9799864094599
16.7140542074996
32.6463485628161
46.0516871342853
16.7260981920931
30.8054433890082
5.14880800712689
17.5409511967377
45.8217099980823
112.919622706258
6.33576407318393
16.6321971842131
9.10715032919572
18.2891276262521
119.697173853687
32.0055244541397
