22.6114891843177
22.9126274135931
41.2656555987558
48.8445743391116
26.7457414892953
14.7410420117548
51.7063805945365
29.3224772355312
24.6443767994228
12.2373070583063
19.1442629223277
48.6153504556111
9.99972444327026
6.5303716556793
51.3660278374228
135.124199788885
22.6874230339244
17.746351104928
137.647462333627
16.2011694434809
29.1808206313848
10.7546536887514
20.1242451699673
25.0519344539576
94.1776749046786
57.2722589053003
11.5739342001422
39.6641140210826
22.0884070546225
43.6830665717074
26.8002355673644
36.5808500930957
37.4136648455387
28.6878548294165
52.1583287846627
6.81976666485665
21.2627949282348
47.5483048664176
26.456148521681
23.3549691928926
17.9116744467086
10.5027340518918
99.864839808982
12.4731264038582
10.6014410098955
23.5173646011935
11.2846065804
16.7778583260385
7.16420652369721
22.0070873489376
4.89780642134898
51.4049977582957
29.7854592286546
37.9095367185745
32.8815389579146
35.6196934099988
64.1395401548793
23.5200417069013
12.479361336341
50.6592567493665
30.7468275456489
17.0470253071026
26.1472962875931
56.9946090934418
16.3541032858304
15.626536260688
39.7933130928891
18.3350833185806
27.4748654648944
26.6435501110809
41.5635023820206
9.93443048620492
58.8024682416746
19.6602444660619
36.750526506833
32.4539678277831
29.1563285042133
47.066141851319
28.1455196467573
51.1500864196606
92.7823869024856
42.1954895015767
16.6775116577582
20.2340992681291
8.92955574481162
7.14414020738255
7.21819546026937
28.3361144789576
19.6153555596246
18.7358502359582
95.0809985777875
16.593723501724
48.1504193311584
55.0939295337241
68.3488487274757
54.3493376140721
24.4346715634969
14.2010643259305
21.4422335687542
14.9878451107178
43.1094331880089
35.485537375375
57.3530971995671
16.858419818032
31.085116415803
10.0191172280318
11.3974228127918
13.9159613184741
9.57126212095348
58.3828912571627
41.1307403015418
34.5681385551663
33.8528119199398
13.6124286813482
28.6870843444237
11.7787641574297
16.2403599026385
12.5922592836534
43.8539823080483
23.067007552875
20.0231338020693
37.3914585247013
44.9410433568002
16.7819147548055
26.2948160631319
13.0567137902107
8.14543434378138
42.4483866073147
11.4808342421414
65.6928345361636
5.4740471260792
18.514214003514
63.7451523977416
4.76732214149665
13.8183515549894
40.8513979637185
116.999345033916
28.4616741748819
13.8041674271889
43.2598578088973
19.7827099649372
29.8076388891713
6.33278867831976
76.0491287730009
8.6514460350081
40.8282866612418
82.747505319441
52.2946916580885
2.91646241757897
33.6467430571544
32.9477381393575
3.84498571514589
38.2354489432149
20.5392103573146
11.2469970264267
134.932683914546
4.54471719537584
33.6638907841295
16.4476666600335
73.0953870793873
28.7276809377382
22.8992372536423
21.7198109600664
13.1513324101728
24.6136424244589
21.2384130611304
14.0515895027561
4.44353857077962
15.0422066128421
14.2517626768291
26.9934480506428
12.5223629221415
7.180510945049
81.570338924545
45.6941743013623
60.594220508413
12.2178389440598
26.5827353765513
18.2546548122029
11.5576905914894
4.79344526743471
9.53551576570728
34.1262096965484
171.876822220211
11.053800840319
6.40090064348934
114.645885626535
12.9941782521739
40.0266267181446
41.5394371887612
121.442035634089
24.0650671896644
89.4273054262133
20.5415581892625
11.1123442287231
14.5520950558401
110.811135784671
34.5785836720604
20.9223015473081
17.3206747491722
39.7981461196362
25.4252992190768
5.50378795806279
29.1796027839282
23.8156594257099
136.388468504622
25.1709683200072
38.4710293728774
37.3542730846422
67.8732029892465
44.0683863018843
31.7291966367652
47.4257056987932
12.7307013129318
12.1077666083649
70.2166518584425
62.0292731349201
3.39224590316463
74.4225593620708
82.5603816191915
18.7688555708703
20.0903940692287
18.8933494032737
33.4484982912159
15.9449664006267
37.6728026808166
33.2145260432726
28.5592587704309
15.1882390173277
36.0672934441356
81.638601752037
56.5205094742031
65.250865546427
7.60066746419177
36.9034568857893
23.7354223197126
19.7029672123315
14.0215920483515
36.8850438062752
34.7112733111688
68.2394328808346
89.8611805648498
43.195502236397
25.4602273762574
29.4229318722936
29.8371035090965
37.5121427578313
18.2598369012048
57.2910952694983
50.125150164271
11.7157438739687
27.5955052694699
11.3653066012405
57.204227688532
68.1769693137234
51.1267311639287
179.926774362536
12.8744175259953
140.551232470165
14.6643019194015
19.5446195452599
47.1363058398574
5.06895831176212
11.6238624619075
30.0725632426665
91.099929279488
75.3045496233536
10.8608528851338
34.2318281688024
24.5897491583291
35.4170481051557
41.0067781542573
38.6212541323243
32.2911153243781
62.3497114204355
8.42637788089362
4.83174017050051
82.4214516125229
38.7399926288929
18.4184035916377
28.2695588648742
7.27544370750481
40.2545553619786
33.7170779741708
16.8600817874302
25.9420107125233
52.0370786769435
14.6504617311936
27.9752959142441
5.77527547306939
16.5949288565592
38.9058733427942
161.334643658681
4.38222463630109
16.7040618895642
7.21348705756397
16.2909967118461
107.777196204734
43.2783830327602
