0.594657566951611
0.652646454550837
2.39923644997539
1.96358421650815
0.717782847715341
0.601717634135916
1.21234669094925
0.562398894115325
0.356868636872444
0.655732978907051
0.968814015503714
1.21229218567919
0.325674686249842
0.986496503738141
0.379948853044226
1.11527531006083
0.9045438405695
0.951602662829948
1.76753849898925
0.108449003867075
1.28254773051919
0.789385644726082
0.880372234356996
0.559675871789915
3.22870164105108
1.81304125113738
0.519684279826561
1.74454828279857
1.17689535154086
1.31205515714317
1.35367971691641
0.865114831138582
1.13523063886533
0.739802326582928
2.27333156662673
0.492533566530734
0.509749512060982
1.57800973480763
2.23658687578823
0.558741757860941
0.793983608125408
0.712140039292002
2.68779873004619
0.281287009815912
0.619854143714099
0.57276150039204
0.34926341740591
0.495200611874785
0.866792067629348
0.565491945395917
0.15436102653643
2.10095580699247
1.05159437754564
0.614918564307257
1.41524866170364
0.953161904816648
1.24176910796658
0.64773590884091
0.389033417274116
0.732103258210764
0.654358545412941
0.725955389074822
2.63653290894524
0.880703252606293
0.952757006259384
0.766700309080182
1.63584463598594
0.490301470825975
0.533834018798728
1.22644104120047
2.19361002751856
1.13070379899859
2.90031265822458
0.175800410419652
1.91100554446173
0.959516003358541
0.427658842640193
1.26566765997099
1.00708679041328
2.44965495588625
1.13746401644792
1.7291933506376
0.420043973210883
0.446228200330896
0.216106834695848
0.258442349943835
0.46698718616027
0.582001708106857
0.583034034293135
0.480846068884232
1.70524573744507
0.380116238198606
1.74583221077876
1.71798972235233
0.687543095471952
3.38853608190119
0.719737090609335
1.00825708037478
0.726363990287716
0.804526262894566
1.17216307138349
0.426862171806129
0.62757330335774
1.21804365382833
0.798762293514364
0.471486870323551
0.496635898805491
0.302445840297056
0.312342572164338
1.24546825385685
1.75688707067711
2.01258402681958
0.562332126852059
0.681144342237112
0.69448991016459
0.31404730150034
0.658957331410269
0.471168933592405
0.736931378574623
0.272466164616167
0.524082161360737
2.57503522459462
1.43302932583836
0.813283621159583
0.768216895634648
0.468362230722364
0.275957636133585
1.29699290314914
0.239044239391615
0.84024455884006
0.620872681995653
1.0796159372243
0.442353610494161
0.196862195848989
1.17504000834476
1.10074043255789
1.54230618791005
0.553407088214549
0.212836321641063
0.629268078558096
0.959969909925001
0.619401672612851
0.341058288487586
2.1629205680561
0.260268339450721
0.572158215001837
1.71282544752045
1.17095465064666
0.213115382200116
0.459357292846151
0.628386063408313
0.303944609369214
1.33926085331252
3.0022382667828
0.352546861380055
2.7103567690234
0.13300396791672
0.469023179616697
0.380579789604315
1.44665943027085
1.17367134109301
0.982745085571967
0.643497163857302
1.75334685654795
0.544216399367206
1.06009393554859
0.11668433428648
0.427603625616459
0.772231144855387
0.396203996070097
0.890558289534052
0.318322824812216
0.314179835636186
1.27654979745752
1.60798132604153
1.80559200358472
0.434132865423539
1.56518169268325
0.472407992143753
0.270463154434906
0.433424566162669
0.425991005511474
1.26766116337191
3.2932604080516
1.47860891761799
0.772895461175437
2.06394394262502
0.473855056357816
1.12697430156296
0.634303737807328
1.9646585934436
0.758656524730291
2.77953576477403
0.402308795237937
0.627444557898841
0.428650149632962
5.32282980660095
0.55152804267779
0.468465736917485
0.396295755438196
1.33171601744557
0.647190126169763
0.205666565148079
0.829903885136257
0.740815764713048
2.83859012963429
0.827652210417916
1.41878458604165
1.09814400771132
2.59812443976806
1.3328347727804
1.41467271956746
1.29862867163916
0.529164112393676
0.477618918135156
0.884427720953474
0.865141388736185
0.334637073643805
1.03609242184934
1.76104040265195
0.402807761696299
0.811424597117097
1.99604659882249
1.05791895492329
0.28233164117481
2.81511441574563
0.465176128029795
0.255922033685073
0.453094692036872
0.969053617837045
2.1534992434502
1.27174762184835
1.70750479831892
0.333210464179831
1.49733375334263
1.46311676344673
0.851406912014424
1.06984626570854
0.950839432868837
1.494229993529
1.03800941399334
1.16685702054718
1.4769729739242
1.26832358454137
0.752071198376153
0.863146712767698
0.650025664479309
0.562022023781506
1.53723773087619
0.948724354378842
0.508920263233953
0.476568911512839
0.440664192809909
0.99834711239014
1.30038990063154
1.76959122153265
4.73412395603211
0.696886802313076
2.87815505775034
0.387629229812934
0.694847642330031
1.824817575768
0.587228322737546
0.465832632535
1.21625422001208
1.60855060281121
1.96281413524098
0.36570458052801
2.02633094820779
0.376089932176191
3.28744573241623
1.65826294482368
1.27275961175584
0.99456264481127
1.78535921448134
1.16600626036362
1.59181286540243
1.31677971612717
2.07989653887912
0.571009110845006
1.21696036745968
0.191339469527106
1.26837232539429
0.954127836609922
0.488695529162174
0.54707327891238
3.43235673097299
0.234413004468458
0.613145385913647
0.177161009518521
0.715120964955018
0.436802778762365
4.00225352260398
0.382544396574993
0.744197113238286
0.328660404491539
1.37981189044723
1.53970566503211
0.770601599414487
