0.628928482508288
0.869423190951667
2.31655594178529
1.51854279351452
1.00013433235048
0.697792650502624
1.74837102958155
0.947998139796724
0.18795796194038
0.780436085113876
1.00260708834
1.79131233451113
0.438085525177063
1.07916289451246
0.735187639267512
0.604576836053477
0.841603030944529
0.749018476337679
2.20945540682821
0.331987360412545
2.1532504407245
0.631537249718388
0.823968651285022
0.686568096735354
2.8920968470741
1.0304630076236
0.72735784613612
2.69554266624346
1.65378361458424
1.18900894467771
0.886811807869523
1.19066481252753
1.43424330174041
0.653995708116605
3.51473139185835
0.682344436597342
0.529966578141388
1.51482952562082
2.39334479049796
0.556447971539988
1.00123066807885
0.606762423988258
2.59409028254472
0.2638768311842
0.651045717786024
0.741047219175498
0.390170028979953
0.607585901542329
1.29762711864407
0.525345486320727
0.249061966253294
2.02220799356535
0.838637940964941
0.515102847887862
2.06103179296266
1.26062756614567
1.12800439180434
0.815189674722049
0.530485009904113
0.0824357435631644
0.55710359710866
0.914990634344708
3.21495757738009
0.747892553420369
1.45522250916442
0.30894843602777
1.26819010096945
0.540222457672806
0.496848530372619
0.678787667330857
1.42371435493225
0.831267357671157
3.33051549140799
0.795038640111707
2.60638921883011
1.21899181830359
0.568789398172925
1.27799273334847
1.44465789644916
3.08508381162859
1.68923527067993
1.81195549249872
0.364634802296636
0.562929201499133
0.605986935199244
0.283029275180039
0.40226633214918
0.637460476424613
0.748936212835252
0.576290482987625
2.25306919911793
0.372967439415172
1.76012558755144
0.944128850734857
0.630277340341802
4.18367515959716
0.730797777023564
0.745133799520473
0.780052518687423
0.822223928211952
0.950775310992225
0.91126171079541
0.175274305698521
1.00296020250316
1.09183492675922
0.360751651634676
0.734876223403
0.383554892521453
0.342423167402599
1.25714737027564
0.91273112133434
2.52485942874382
0.47983062929604
0.772896655275661
0.766637595065295
0.782412027648144
0.529147003318089
0.630896681035013
0.578654163251428
0.319775987870054
0.227700559128081
2.78098160768692
1.82404216246355
0.795479252724214
0.745595836276892
0.570808290270648
0.500737225658842
1.62383988445541
0.332555016014051
1.34398377004608
0.517481093019265
1.08933150311673
0.750247043371106
0.14333707095927
1.49945681529028
1.55230589575573
1.04444956963754
0.721239751497964
0.384236815626138
0.836884285682144
0.958158990678304
0.491995679754479
0.598634633341486
2.0273533969103
0.227232137180232
0.683553776309044
1.91837743432389
1.18205976999523
0.459994478389433
0.417807360268474
0.765992049444583
0.369103285983406
1.29166606955883
3.64514916019052
0.386435929760222
3.3737823281204
0.563258786106067
0.484750179308601
0.331999118040998
1.52359065096273
1.28958231354996
1.00392751053974
0.869159860960668
2.21505044776989
0.569394354025168
1.338666393001
0.156389254492556
0.748984069791498
0.573446085676273
0.393506615141906
1.54792670707294
0.339659441555736
0.788032041890183
2.04948082312858
1.69067336591237
1.90310012486797
0.599906518971709
1.98606065915178
1.60590148614067
0.164530887688771
0.64450565359744
0.201588217887583
1.38711389995488
3.20777722972225
1.63545983608208
2.24980044038466
2.00198703386181
0.734857560815668
1.26878513192222
0.678431732732524
2.49728286846489
1.0170669287688
2.71445440644922
0.487186959280398
0.558853290730938
0.523142166382625
4.96365970451944
0.353132918991294
0.562713076876913
0.336143178525805
1.62301131217286
1.0446093656902
0.208318601094317
0.669689867164125
1.27540225765842
2.7430185231562
1.03248822148338
0.756437908662503
1.44478096695378
2.73189757868704
1.44873823015832
1.54828271618545
0.752114064787942
0.722290319985887
0.481711589723661
1.01110717419463
1.0090752063884
0.277050744927198
1.43669577698675
1.81715757190768
0.375431684230149
0.908793030656719
2.17872098237822
0.973525099581415
0.611186272633637
3.03438262160206
0.781482484573625
0.194205764316954
0.511829913771818
1.24173784868091
2.67361098440048
1.17185278748307
2.34031448686537
0.893941922602944
1.37621540564256
1.57776583757296
0.829706547193406
1.10347614676556
0.974216495941587
1.05353590544157
1.15338509116824
1.66036726704793
1.4223460300588
0.806640564577944
0.884501622060691
0.87952342505198
0.72942608070682
1.3338506090289
1.07501983039272
0.925881103502597
0.437529680031908
0.792463426457926
0.425989565476146
0.884212544413067
2.31207480492304
2.30559303031667
3.3165075398265
1.16604166090584
2.42265821558781
0.376896039899948
0.874723430439255
2.58256187212733
0.56852515864675
0.478453179405006
1.75341103573549
1.91739035988866
1.84418387089916
0.486974954505262
1.1836719428892
0.858462082722065
3.18123206645156
1.08967256324384
1.58086120277996
0.981580805307454
1.9765363445384
2.37637868884623
1.10760065086645
1.36410883541455
2.36768609930185
0.653872483215764
1.47749185500365
0.138570557383235
0.824467984003406
1.15375946173255
1.16163283837981
0.946519442511755
5.75523493595443
0.359275559145073
0.711620101800133
0.1296207763848
1.32330444795023
0.36230081094401
3.01748740479222
0.371889403851411
0.976340895255116
0.528571231017541
1.26281853321865
1.84301419224142
0.965523084919134
