0.170583191371804
0.362312336047997
0.401488691145105
0.342106473920528
0.19213040612567
0.230189374495974
0.300109635419456
0.409741988141763
0.0806858200681251
0.108113078141231
0.094180493885462
0.404592017052576
0.0945658066374493
0.19562860298197
0.341305273706063
0.415359125255127
0.180473086706373
0.188373248337283
1.13965628179094
0.207373555300161
0.376708637987315
0.13923867948188
0.213304360972016
0.273053396075933
0.325215161225424
0.205679386138175
0.14250961537305
0.497844418080207
0.491481932934026
0.562021497725819
0.153449002129584
0.345319552400144
0.323251715269029
0.109289959639054
0.594714947171881
0.12410961416107
0.161058370198859
0.311897976759975
0.546049046446653
0.270465071946084
0.116994714994636
0.151001747773067
0.672667629223788
0.123145927359
0.0607715679270956
0.156727172709985
0.170555980158075
0.195970654294421
0.137234839034245
0.176694683485144
0.0903465643573939
0.32549030630455
0.190264667907428
0.20189988831285
0.22416174837346
0.342323376329788
0.228802377520632
0.192728021335611
0.235290492849056
0.0535125953126613
0.125269001283424
0.115520542186148
0.366740232872169
0.212493344248971
0.4381890698929
0.0419829904414202
0.322747061781285
0.162823620184768
0.113497382110992
0.118962039123106
0.206195272469208
0.100951211990921
0.560588297321437
0.372250044213032
0.487152237205849
0.554135953947846
0.206830191890531
0.338996392071843
0.188505864344704
1.18565417596325
0.687414581552472
0.573196702288522
0.0651832821037069
0.195480298112137
0.213766366049935
0.0909745255010991
0.103896194739778
0.127992455152854
0.304108029003189
0.0916344670870233
0.771895871451702
0.0655644524772132
0.330659157695004
0.160196387536768
0.222042471360156
0.931215591715614
0.102578063798514
0.182835007762652
0.13885948060019
0.150887304529758
0.210345538304333
0.410089213178452
0.061164837572994
0.14709218830831
0.295598490831622
0.0634852374063789
0.144462012215633
0.0640851298175234
0.101883385900731
0.493333980327504
0.165428183852022
0.324299003672242
0.113868701817354
0.136063275001372
0.230976559066041
0.237117654040921
0.0960722169061811
0.118105918880919
0.162887720640425
0.153187854084677
0.0781333195436232
0.510399966467209
0.373193694213616
0.126208723484991
0.142236283211162
0.122288955729864
0.100067173981207
0.408979264973223
0.0940667323889874
0.280886830984198
0.0755366366735539
0.166944657035826
0.318170713553423
0.0420245546837986
0.215617891899753
0.277808861588779
1.71026991499585
0.147242152676583
0.335458186511812
0.15481086300565
0.153543563202373
0.218534204102351
0.123466997757902
0.49380004649394
0.257749247883546
0.244696876413875
0.448314983295473
0.242171977456873
0.201450406046251
0.216644469143419
0.145117151703968
0.0570218135472715
0.220837360852991
0.496957273320344
0.0769480917009295
0.618279511479441
0.16700208735504
0.23606680028967
0.0795133669050208
0.401892188828631
0.291448041185783
0.44018069212553
0.33985464393055
0.231396754974352
0.115428711212293
0.224821759750366
0.187257559761994
0.08625868608552
0.105117060907719
0.204619395287755
0.390648715747417
0.118843249371456
0.226719895842786
0.553136634189237
1.00341153175231
0.480612304911509
0.216787275562918
0.32243615291329
0.545868171738926
0.0386370997737824
0.0682179160424508
0.0343209368495576
0.432120094698822
0.608831672438595
0.198443082268862
0.292299061349278
0.629761160782686
0.155167400114272
0.272213113784369
0.172802679073195
0.549804789309009
0.192635365004562
0.596695414703699
0.130225900013936
0.0794206104013205
0.184992729574564
0.54513988470041
0.118026258581271
0.302052016304171
0.0910304412716445
0.528567456911769
0.287624519793225
0.0520258849122819
0.265334894445239
0.245640680937107
1.29934147575941
0.251881108346622
0.100250830708978
0.386041844526936
1.03522016573173
0.206018646351445
0.249488408749489
0.193466813544694
0.12079254477996
0.111944293154104
0.224780173110534
0.469782257857911
0.0612163024939468
0.409996772837701
1.05508930200647
0.101636226117029
0.16494394409628
0.260784532804391
0.223037262795012
0.215118799360818
0.532820597251701
0.144999369790417
0.147336518463582
0.128623019074782
0.320444084091088
0.716813623206189
0.840628572511153
0.745638424782105
0.211061260566403
0.243889684073094
0.358287353243139
0.134538829346941
0.233705406756119
0.271882194367659
0.18977164801999
0.282702085150934
0.926092297093574
0.444178202214058
0.371440884893178
0.183222158710507
0.316102859151055
0.210859441768429
0.25413515561472
0.397991994656871
0.345851892431984
0.108264818217948
0.12385446589321
0.167932650535331
0.172437840919893
0.378283619527876
0.451714349368247
0.562057564492427
0.252262179589222
0.722935532606236
0.210033943795431
0.152092206287421
0.544832303123193
0.137100454705682
0.14470050084146
0.515181467902441
0.530377798482054
0.520774063193965
0.0869269435975604
0.156723972209033
0.159608563620059
0.309521738073984
0.207253042473905
0.20355920247232
0.173631688860692
0.266415881197275
0.29762454986152
0.399433674052742
0.321637158173475
0.308941985263526
0.13881950444685
0.268997940237142
0.0777864136519857
0.252073784959934
0.34368372571126
0.236069296080232
0.216030474434193
0.781376603572807
0.112379926856925
0.141468637213187
0.0447487773855121
0.386543022719231
0.097687041855563
0.395183583274598
0.0595486662931996
0.354660991634992
0.14650492989299
0.152786262010629
0.433333648018356
0.22427084084789
