0.69346151998148
0.667469948283461
2.70260139461677
2.76160372462146
0.754850416997251
1.42341025429234
0.557316251500064
1.09132741413387
2.86031910694626
1.10067471894862
1.06847161525192
3.24307858642942
1.86058198997032
1.40646758471298
1.87981848106105
0.309460645630576
1.42560021998791
2.15512700575542
0.891085567810149
0.486897090469269
2.29553837479078
1.12234234908284
1.42603944530692
0.340824857380525
2.54874159344058
0.471477289029309
0.938696960635581
1.64555179830729
2.49259211331643
3.37595991187848
0.873009233657491
1.04138441690805
2.27487542373719
0.551565301094165
1.38763286516131
0.624526341056639
1.77584037154417
1.03746467981019
2.08803345005941
0.894812770121746
0.683275295040874
2.32038512616202
1.01271773316427
0.399514404635599
1.09967995111042
1.00268686120678
1.42362688717705
0.595188347325384
0.84092320471491
1.84849557667003
1.86259033112239
1.55793562179524
3.13428789562982
3.0196196170369
1.60296384662454
0.963583348411251
1.141455077881
1.62964762970272
1.64798817986819
0.288507253159985
0.860458710212884
0.968345450550705
1.37555859881793
1.39969615494778
1.47669094391086
0.461092597904877
1.53880649645804
0.505395540208139
0.821041616597164
1.28184308583858
1.84464831504942
0.528446279327359
2.10903405948581
0.342597799211585
0.528613599380949
1.39379193340552
0.466854230721769
1.46354750540949
0.562507849766689
0.879332913477886
1.90504980009767
2.07645676499549
0.785442961443362
1.83543182957743
0.788173047497367
0.470370723412531
0.563876400077196
1.50113389902598
1.01992739734946
0.977267061005647
0.589570701577746
1.07504540044021
2.06696239214731
1.58089964592821
2.37943954983646
3.54696055947819
1.603487262859
2.26998309863181
4.4779651488756
0.891319924254056
0.759150374699403
0.420404848386804
0.389526189407931
2.7866012852103
0.657969274953448
0.515064664218731
0.975245955891496
0.71339708937787
0.514277087972223
2.21258330852557
0.292234323166185
1.71719822085317
0.564765120830613
0.884881305332812
0.587144893221733
1.46121517912564
1.2085907876974
0.600347033046451
1.29265815175278
0.453425418866791
0.109433708653454
1.92861297673531
1.1754618710257
0.593363657355652
1.06386307290493
0.788262879232659
0.53092241205113
1.61389902476369
0.393190153941523
2.96084332034446
1.37582106231055
1.24166458428182
1.81013179955501
0.261561038446603
1.09098837365796
0.699833840883292
1.59712734208511
0.825969124835858
1.11437319708411
1.05976885635645
1.02819838533086
0.766695128312201
1.20890893636802
3.39037872022014
0.812657036702923
2.59110705851413
0.752575404944642
0.864385476347997
0.563066237530968
0.323866539629554
0.493781208477918
0.924135111059188
1.33695373300265
1.13139466867218
1.7195479260651
1.02359963724269
1.48768078952717
1.19456357387658
0.910142199434625
0.740507194488699
1.40782588071436
1.70570590824335
0.62782565635321
1.86726489481325
0.90870536717332
1.08715521411314
0.0589353831769418
2.87693313661562
0.571396799550655
0.778846142150441
1.41031317345269
3.09954602460443
0.667932254555534
1.00814554327544
1.76710203561174
1.98594556253061
0.774279417073588
0.828687419233349
2.95856985883306
0.277865646520273
0.655995486031197
0.280398974082485
1.35373693065919
4.55081630962358
1.04432227793552
2.28704232512536
0.5998195539357
0.316912647669171
0.840157959720952
0.399350602265827
2.09571101848135
1.12298462622629
1.78364037095464
0.393027121324171
0.577742743597361
0.984820260790298
5.92011719591538
0.593526710906098
2.42554299088657
0.416380517410396
0.873020417547132
1.04347640495135
0.408335670171246
1.55500914092011
0.786497087601384
3.5469946784341
0.763697673519144
1.13984690849511
0.811940077494509
2.8832746277317
0.632865037109978
1.45973494882544
1.33137675164692
0.771121441061938
0.552481343623436
0.704732377888272
0.616957603579971
0.558036040536605
1.04077992813677
1.51687875248458
0.347745438059095
0.797033885669413
2.29584412647637
0.909614493973699
1.59004959267128
1.95211228893144
0.75069218149732
0.321268813426927
1.40611456746831
0.559974647440976
1.41556346714067
0.958062971753369
0.939708407462649
2.51275569614957
2.91661806031546
2.70004329177119
0.950903674683892
1.06744652056054
1.51222131641442
1.12334411239964
1.33024295989101
1.25256079142692
2.57597241390977
3.36255088210991
1.36320011185478
1.08038754760391
0.583374122516249
0.917087546803739
1.58386740128446
2.63756028478644
1.66330066694464
0.750029106231496
1.3156819731262
0.445487450897942
1.58469777386375
1.80394800848151
3.57554471719492
2.59621508139255
1.44153358769467
0.592672354994372
1.02482940264882
0.764954506531969
1.01942377893513
0.763676660809165
1.20461706560309
1.11497253491341
2.16538520825803
0.64283295659968
0.918414713291021
0.736122048424427
2.44704701274443
1.72426620343587
1.08611862049761
0.72464783208006
1.43938968450815
2.60810805612086
3.04250199104715
0.727675215256151
1.33294928374948
0.62660298289953
0.782018314679493
0.30956574186662
1.43211521501125
1.50083169797215
1.24704343671752
1.25747482909996
1.94782977359148
0.50203263954375
0.783094246380026
0.202413772933767
1.03851416365342
1.06890037186935
5.25314001785863
1.05530443185647
1.05280348711855
0.624084584672584
1.8673326631916
1.28583497298934
0.549539951026423
