22.9806171472404
23.3571842597011
41.6086887283117
40.8258364491127
31.2243135635388
17.5723991417586
55.5378891038108
28.8773766870088
18.2328072342791
11.7904331154106
19.6927363594116
38.297422774585
10.0381873968499
6.15657482845566
52.1823585583455
134.30809506491
22.127903887044
18.1164813461476
149.264653765427
23.8353492434085
40.4643756602508
10.5545312435215
19.7882911934757
24.7271239689256
81.6377186646358
59.5747739747288
12.6971882562807
43.1688444639006
22.7122303346818
43.3082947355306
25.3119691806657
39.0709041022879
35.8720074103406
29.1774916756562
51.9677074848881
7.20786127784615
21.5285414216573
44.9369257749875
26.8600683727993
24.1996396048601
17.9768570854157
10.8229323151281
101.641782532623
9.16693626468815
11.2169947274861
20.9548402221616
11.9491176892423
16.9109237702627
7.16205950738687
26.0411172921543
5.74076832514816
54.2367091746462
29.5685456575752
40.2632084864619
32.4249988485469
36.1627227469787
65.7510452454276
23.7189096737701
12.0311383047026
57.8301062470462
30.8069023775024
19.7938231852949
28.1642402256275
57.6427801009085
16.5420842435886
16.0380542927153
40.0465394592342
18.2378293970793
27.7139384402614
27.6577773187505
33.5520151954971
10.0767877518027
60.1084109914989
24.5486089821077
41.0571002543828
32.6229606573585
29.0508753769642
47.9648724688729
29.4729102181705
51.8278441306586
95.5354151080762
41.6165655438332
16.4009617202709
17.7856128532843
9.34218759136074
7.15731589793121
7.23639461339493
27.9582019233584
20.8519045809978
18.04086625905
98.5398604696818
17.2922325498139
42.5489340813969
54.9490742897667
77.3705787595317
51.2955615760401
24.5646289296083
13.2744914596342
30.6389626085931
15.3686989945535
52.0082441368831
39.1901867689585
55.6067822252727
17.4695191337959
32.8622917202816
11.1570889933597
12.1344256364213
14.0719559506566
8.61107028061709
58.1354689033845
32.1730855911555
35.4261639055749
36.967976320528
13.4218092558899
30.0878496929336
12.1883947989883
16.0160880988766
12.5097590719593
45.39009789369
20.5577895879664
18.2209328791582
36.4835837632144
45.9889067166162
18.7712934214329
27.0444191148994
14.3824844686974
8.81319001767293
43.2586741805445
13.7032098439849
61.506189411271
5.72037216077727
17.9693479334358
61.8271773736124
5.3079364147432
13.1732523150695
40.2836374730713
67.2227392406494
30.201107261297
14.7447731220278
41.7721535584319
19.7047686145545
28.9394794712161
6.04120518127317
74.4427371151446
9.08786724317142
41.5519739010881
82.0641826847063
46.2933836844552
4.10129782798907
30.7997115247342
38.7033113748004
3.99767466827541
39.1779006754677
20.2519041772893
12.1553191999343
137.347394519614
5.17047163952928
34.3551639123982
18.4884153418778
75.5945962835554
25.3989128717219
23.5288053232494
19.8207339795355
9.90444001753029
36.4042413984275
21.7653558970995
13.8104045227869
4.67705877709767
19.0625650961063
14.4623978539722
28.0457858802913
11.9911019655588
6.68916838062675
82.0949261247918
49.2917248041123
61.6756938152252
12.1725248316185
27.3018638872356
18.2444600216873
11.6586315187768
4.81261681980506
10.7231344461273
38.3211771018174
173.724489142037
10.8907988456978
6.35435559634464
112.930780944535
12.7186477960537
41.3847090847981
39.9612478301792
113.955894841487
24.8082142308619
92.7261576105968
19.4734745076183
11.1929407989974
13.276121590255
110.492800748061
32.7067725845557
20.9645221327622
16.0878720703166
40.5488565645245
25.425482205736
6.07610321852849
34.7071754106506
21.891941426546
139.208436298356
27.6411773102335
37.2647103276088
39.4688534970194
69.7559545456257
44.9280761678693
32.6171350595082
43.1016890476595
13.8273531149259
11.9911971316231
83.7192731443136
61.8390655455495
3.85000081676309
72.981401349577
82.6561443019973
20.7449719113103
18.3478577075338
15.0810949353457
34.0980761203229
15.511616088108
38.0078014100007
37.0520568629545
28.9891411098812
15.9253847103474
36.3080725809599
92.2460773983802
57.3742663605412
68.4249552881288
8.96469084273844
37.7253345231248
23.4022727713277
20.0259918242837
14.0327604990326
38.1547501180632
34.3554584022369
66.8938988855839
91.246769554525
41.9334783892258
24.0174793907036
30.0258158742282
30.4044548448492
37.1634910447236
17.9453680937772
56.092783698393
59.9139859329039
11.271742038016
27.5404357101794
14.9844668621172
60.5885531800032
68.6272592964238
50.6468096542375
174.039138758614
14.3262811867442
155.751106461622
14.0376958318222
24.0632671639929
45.6758788867806
4.67869236272756
12.8924753739903
25.5352577370615
91.1390809907568
75.66796250263
11.5506313897938
33.4297524042683
21.4385710004209
35.5429712052578
40.1293998791502
40.3643658301511
32.6667398909446
60.4575465835833
7.19115812680414
9.36243596013774
84.9416416902738
45.1672636670386
20.8215770955791
27.3204342327717
7.27426408667658
39.4771553063099
33.5980520679504
17.8234323624002
25.2909805992565
48.3919948435418
19.7907415161858
28.4592350703053
5.00575847587164
14.9499483783911
30.7423144783441
157.250893982923
4.43055336384397
16.9125042508651
7.60658602629912
17.5527444697412
105.418445963072
41.985212273242
