16.2998403211511
14.8126424550354
34.6034200089962
52.4020895124174
21.2382251881009
14.6864577741513
37.1998289656255
12.1314126574945
10.4154778625177
11.0116129187718
12.3041475944236
28.6264788500709
7.63491207972722
6.34483830098282
32.1525005988418
114.301525915981
16.980492967162
15.3367961062742
124.190249548779
12.5109139221753
19.2306728128917
11.5818251233707
24.1988563933515
22.9531723538825
96.0606829350219
50.9317462855331
7.95621823634459
30.7375155102006
17.0087472846278
42.2287519521786
25.0644364755949
31.7156197460255
32.7927361665623
21.3192020827989
33.0881475355695
7.25256792572974
14.7777777829578
35.3425644903252
26.5565994713896
17.9694844544101
12.2601172491106
9.64352132788057
73.0485337437838
9.96911591015221
9.20463710448375
13.6836889000122
9.83217961250613
12.0794099190603
4.45784109056947
17.1745436374081
3.82520026999126
34.2373017644443
25.1021195968525
20.6342508275496
26.4728680755949
29.3211552192149
54.8896695518974
19.485990758052
12.0403181412046
51.5613187753705
25.6980025092566
11.8221260947305
21.5905843425418
41.9864719644129
16.1393328637753
14.8797930486746
38.0581844041952
17.6668182363816
20.6089961277233
21.6750298218699
48.9168683879492
9.95547092172933
57.4635540865911
10.3376275320637
33.1323509237962
27.3415635901855
20.0695031675235
41.5501210659808
20.6968231364839
47.4968531249392
71.0647630064532
33.6399089430684
12.2281064950992
18.0097959308534
7.0246126077321
5.1106302259264
5.9881123963707
20.7869804997629
15.9567413028212
14.1175071833926
75.6883976490573
6.43946403856348
48.0600250773491
44.0399235126718
52.159417149013
49.734105612552
17.5005263541074
13.8868276784927
16.7212444871954
11.5969600933769
35.1512121553967
15.5178443228944
53.8731401116325
16.616654241071
19.9755686757091
7.159865062478
8.02976866010878
10.6135822906703
8.41365060517951
49.4939255506807
40.0061305808951
31.3894412536629
24.1218013224071
9.71971791933184
22.725482052393
7.26836299699564
12.9452099107548
8.71060044359337
22.0680383696354
18.1284021280207
18.2567579078959
35.2027346137105
33.2250429922501
15.9738458625256
12.3915429155412
9.60816256496372
6.00409488019725
42.0729080910267
6.61548016029322
49.3090825996218
5.81093569478724
13.9315263014289
40.1332298927703
3.97635613212189
12.3196930720122
29.9363606706459
97.4978901884394
21.8216920628588
8.76410567726184
27.4858591989612
14.2699856873598
27.5729643747726
5.39144333709663
61.5207639315686
10.6087520080838
36.1722074726331
67.1863883400703
41.9840923856686
3.10866883687269
27.8873525174165
22.1447799696735
2.73805004901331
24.1482794616945
22.6230672704296
8.21659744256138
117.372561478679
4.0980689451075
26.7371982545426
13.0864290755011
62.3282230406034
18.9951659596099
17.3905498587881
17.6234369220272
12.5811112380915
17.2729007930888
17.2208028365764
8.84517431346231
3.09592483932452
12.2407420424537
10.3312280207198
17.8849450521589
8.85366050715266
5.04200354656062
63.7902405701844
42.0699672660853
48.3206457851077
9.6982242656602
23.4960467238965
10.8345858821078
9.5803138893125
3.72050059569947
6.5234241360813
25.6905267719739
155.274920555632
9.07133148977373
4.80828038779701
93.7391063608393
11.2360956450327
34.8634902196398
36.692369727817
77.0031392392922
17.2020880860838
67.9239465848449
16.1544160044468
8.94802025072694
10.5428377079613
95.7162966343956
17.1301747067287
31.7406803083706
12.4897813174315
30.8045250545354
22.8222851591164
5.0952762678281
22.7244030155771
21.9856115708574
133.742137103835
20.4233495664317
29.2229476677371
28.0906011555799
59.271700896541
37.0943075474311
22.9610707358964
38.2733218867746
8.07875298598613
8.69032467865325
41.2054335254789
44.363653244092
3.17014951540859
43.6842383913916
79.9251492577191
11.2606194295357
16.5920187372716
16.0827128079017
29.1030637957916
9.31359084665434
32.3776387431243
20.2976204464527
20.5682579990746
14.67287163261
31.2612744244259
75.2332568395313
42.9061640192686
61.8561818324169
4.760835035477
32.7194341048089
19.9004168759941
16.3441716145913
14.2075629490377
32.0727899068375
30.087056562868
43.0627711210981
72.1080732157519
32.8721737414909
23.8707130003228
20.2071705498059
24.2497382558691
31.9053090130771
16.1858438542599
54.008783004462
38.7548599302432
8.2517200009852
16.6576603232443
18.5901200691529
48.8175909881604
43.824191653849
46.2868308471746
169.888511326157
8.15349477303805
105.173677908344
12.3808558239754
20.3338183254064
38.6913424050203
4.74443085566421
11.5384530117956
24.4850164334975
85.6570847373813
62.0202799814539
8.59913160627526
33.1555478004908
17.7858016335812
28.6730597368787
46.0888388447149
24.0009076670045
22.1032024335714
45.4964734840317
12.2144591123518
6.206996994566
59.4183126754834
35.5943727216161
13.6098152248865
18.4771699711581
5.86363213515644
31.6285203518175
26.8615667113146
9.87650619558187
16.8656958725479
40.6462490489757
11.2593494279355
13.1527571327611
4.56859398076259
11.5767614810611
35.194838608116
126.97935366761
3.57045590831762
13.058907051288
6.19877507459818
12.6238474603485
79.0741552537576
32.1888819638811
