0.169618973906628
0.529179931187429
0.40502906268364
0.296018451601187
0.253727393353859
0.329923239845871
0.114007314402077
0.270733154600722
0.118203806295559
0.0869066270138192
0.0973843279501523
0.281738787515567
0.111334037220281
0.327275812108354
0.286320923519002
0.341715730890983
0.221720426391725
0.16526876611665
1.07670969217758
0.174739875556067
0.468160722165919
0.17026629320383
0.143013301897759
0.226966638895295
0.189784349583631
0.404160606001612
0.104441942065602
0.440309533507304
0.320080259552746
0.583227280089647
0.266695317145911
0.313517386480919
0.263726953924309
0.117085243259958
0.457963794630442
0.0883832397590752
0.0898994940433241
0.35688319697271
0.465955181211582
0.245338400348011
0.123513855337915
0.135699601288168
0.702923406876528
0.307218012516665
0.0397595191786775
0.214755397935503
0.17145718804116
0.274463934174534
0.136133226953995
0.289391590468843
0.184471116671898
0.263831992149471
0.287343380504757
0.204337561145932
0.176539590010912
0.299274311878487
0.252867596298239
0.176012489795132
0.235853858993941
0.836496267953101
0.204156183287562
0.130697391680111
0.356377238332676
0.490538633999134
0.344335234729011
0.0379813640319361
0.463735067825548
0.177646933834197
0.168484532068151
0.104687313635513
0.154190917257263
0.117870272610006
0.365974160214069
0.179135334024542
0.484414078549888
0.536995528174193
0.136075185135801
0.390380065480526
0.181438823809817
1.15415480404271
0.617863443601722
0.584334924254224
0.231313931663502
0.188538270723487
0.131054519154129
0.142984146385387
0.130105252026064
0.121908919720165
0.369989065768471
0.113931639420785
0.722214396120618
0.124563306204439
0.115708436084436
0.271107723573053
0.161472801703099
0.94630974465048
0.122227648079489
0.262129693578133
0.24896881747227
0.10120277274247
0.251156525309015
0.304032253808583
0.181221145119511
0.0865165358959393
0.399628478280243
0.0947814382380648
0.125785928404241
0.0921137137742962
0.1413510572384
0.478860089842416
0.137123718291595
0.373706893889202
0.197496178407858
0.123800545728282
0.131743504944754
0.19476209596976
0.0777986189755919
0.0844481029831801
0.26727991561198
0.164518074395149
0.349355826888236
0.308604164989757
0.169413348312
0.288311277688246
0.193006181197316
0.10347943923116
0.0671073832377293
0.272414439659347
0.132117932032597
0.202278202634874
0.074927353998352
0.208969056736555
0.125439955079484
0.0489565740896382
0.162443631346875
0.189661039106896
1.67292586634378
0.150319267534835
0.49401579512001
0.217156254771139
0.187999907132566
0.262173422749503
0.113345295268652
0.528859884866658
0.337444507202249
0.240512875520566
0.200172437897355
0.411595765882426
0.182877784294078
0.219087107043504
0.177806143682711
0.0713003284886259
0.343374294078207
0.479579829118184
0.123839395494775
0.635774243868656
0.0677728410485113
0.358261226161143
0.138790271591618
0.465409717718221
0.426722882532081
0.525390951137357
0.282479747880805
0.122768883451307
0.0694065510073516
0.132887071297114
0.07361905532061
0.0730710440655993
0.1992539242111
0.217425046867155
0.274138478484898
0.180478288187455
0.191488943265725
0.529398300707687
0.946066887649884
0.517004082884035
0.0971111252220861
0.248445108742454
0.50717444574133
0.128913628814809
0.0477488463692105
0.19073006271101
0.513231930929796
0.517308779036314
0.111305426928224
0.0971470148187065
0.68764075452408
0.179704168987586
0.216234852957261
0.110628480944796
0.725197550652905
0.131533394731205
0.639494198984056
0.0815029822844056
0.112210215296338
0.263824659392179
0.633730832522393
0.167394339178753
0.253197595260051
0.104597054508272
0.586836109819238
0.287848705368779
0.0723109477025017
0.366865500622397
0.234746569476321
1.00425449251339
0.348227635110813
0.435259184908294
0.252455384273523
1.06559623309821
0.201091604057764
0.214222228775384
0.202148816802748
0.114777879778985
0.127462349054295
0.397266992037452
0.654579643126056
0.0525116245298984
0.26077373874924
1.01023595556829
0.19819685774789
0.213350579333208
0.269076175369889
0.265468133672576
0.253207917354447
0.583831831095904
0.140820244897409
0.168114078498401
0.15533076926443
0.305169716291805
0.590641794538362
0.878038715284171
0.744757520087848
0.17520015475538
0.333901486456985
0.348585129439256
0.143051974219245
0.38512591948883
0.182033450147413
0.318649791791127
0.246043468837315
0.925229586079406
0.453009271788307
0.369544434278119
0.231704502838435
0.151256441795785
0.457255223117983
0.220082662872761
0.265368017719917
0.362283511416225
0.0909033893153448
0.0988656410391311
0.116057946218855
0.187919440883684
0.335676188262553
0.254491536202133
0.740967218801827
0.332568337841585
1.22380039232126
0.271139604729628
0.133469993644918
0.423357596810299
0.128506344474602
0.168405173481553
0.334659295796543
0.262474265483999
0.249371155160315
0.122820106082774
0.273988224643755
0.167740412322029
0.30761193739358
0.475980455160644
0.22538654643096
0.251104856858963
0.249156452481287
0.256041984441719
0.545177658990153
0.386768932008968
0.383907896072177
0.125215671669116
0.467713898343175
0.146542214179715
0.794767575409332
0.363955430956386
0.15143811160713
0.273923061568553
0.228706249993131
0.186902119172978
0.163707940997523
0.0554913735432873
0.414497396183592
0.359419617126006
0.358192357990724
0.147421604304569
0.313752168176819
0.18231298695023
0.228656531202605
0.438373613586865
0.233998073012887
