0.170501936190735
0.361908106065112
0.401245091476286
0.341956766636105
0.192068540834964
0.230020108759771
0.300028176396275
0.409293498933444
0.0806189770076246
0.108068975229465
0.0941420226166616
0.404375115629315
0.0945200153447748
0.195346859753758
0.341163669519377
0.415195655931147
0.180369786085253
0.188225883412086
1.13918183648652
0.207316470491121
0.376469337204489
0.139135524258674
0.213197176712829
0.272916885433946
0.325149823532771
0.20560483024105
0.142416877380843
0.497579713683993
0.49097579138592
0.561595499261837
0.153379093447902
0.345193631699889
0.323112260739771
0.109258904968135
0.594307255100136
0.124034340536927
0.160953729667978
0.311736545851003
0.545544263334443
0.270256323137611
0.116951003897664
0.150869485009789
0.672355864752666
0.123057753451126
0.0607520216282009
0.156652267287414
0.170425647957938
0.195837009215344
0.137096876614039
0.176596739128929
0.0902976085896486
0.325312619419106
0.19017294978603
0.201825291708891
0.22410101572958
0.342165448539177
0.228747544059289
0.192644340892175
0.235107305353811
0.0534885175962249
0.125234077615751
0.115477048692589
0.36647949761742
0.212427017065461
0.437773180780895
0.0419674553036616
0.322560620808163
0.162755723191995
0.113461390922372
0.118907430673412
0.206136415155151
0.100887231550668
0.560365632610086
0.372096293766006
0.486918996628301
0.553684503570755
0.206748263094156
0.338863195013669
0.188446039183339
1.18449265183622
0.687175221919811
0.572722314166843
0.0651637952991789
0.195389577121773
0.21365402654904
0.0908846239435005
0.10379280062263
0.127954978112545
0.303869558136954
0.0916104549775845
0.771551651678125
0.0655302880588392
0.330567773472109
0.160143553618725
0.221992098070166
0.930512392926952
0.102545510416537
0.182679116442692
0.138799594655462
0.150791096567432
0.210276716180086
0.409844413001565
0.0611503172308172
0.147012877477067
0.295457731320208
0.0634529766452007
0.144372854062791
0.0640702700698718
0.101821779292258
0.493086565399137
0.165362845771342
0.324166449583013
0.113837867159351
0.135978138856628
0.230847081017545
0.236903821612635
0.0960306091816912
0.118046248566707
0.162801768524812
0.153106263435507
0.0780911428386369
0.510053593658258
0.373028907233109
0.126149633479367
0.142151001358088
0.122221990360931
0.100025370952805
0.408812041641801
0.0939976806381601
0.280834154695755
0.0754784537388388
0.166859959526288
0.31810487198823
0.0419938012243264
0.2154839683953
0.277710413433901
1.70797258143543
0.147202250161661
0.33508514959156
0.154776422400143
0.153462453892771
0.218411515016857
0.123384242101421
0.493589890173709
0.257392326446645
0.244625532566157
0.448181467824997
0.2421010387351
0.201194260389641
0.216543834024642
0.14508089445875
0.0569776686397212
0.220727822785956
0.496502616009279
0.0769196503365026
0.618142270308393
0.166941227717871
0.235959326894891
0.0794829996186342
0.401762497431207
0.291245528877964
0.439632036213153
0.339605582346119
0.231235655422835
0.115391990932392
0.224706595876193
0.187116721713283
0.0861865317736469
0.105064199237672
0.2044045343525
0.390444587228886
0.118773022105882
0.226537365354236
0.55296554791032
1.00233431681055
0.480370507867279
0.216602885565155
0.322274932582101
0.54545736733023
0.038625024521524
0.068175013353617
0.034301463774776
0.431789470928651
0.608704992876279
0.19824708826191
0.291997779878721
0.629537458367371
0.155093941036361
0.272117119283058
0.172763193320865
0.549630121148723
0.192552577073888
0.596411820547074
0.130166523431633
0.0793781030189707
0.184856515171551
0.54496612352332
0.117965030755292
0.301917584025995
0.0909921424187272
0.528161422848437
0.287508940655257
0.0519977307753109
0.265117033666597
0.245545378580425
1.29865538144929
0.251738562530182
0.100209637818449
0.385835361558387
1.03434957365125
0.205964423334585
0.249363361288818
0.193378077340475
0.120726690711067
0.111867681677608
0.224676879083017
0.469491152640055
0.0611454852709625
0.409852252144363
1.0541501431204
0.10158535142014
0.164866626762616
0.260592627230352
0.222940987774118
0.214999580886064
0.532404257966444
0.144967463353546
0.147268967001814
0.12857119653258
0.320311323597759
0.716556146300848
0.839619789443027
0.745308928639511
0.210872166890208
0.243783291410109
0.357974690254539
0.134479162108256
0.233545605429972
0.271771509046589
0.189688886032564
0.282615488495101
0.925588788475266
0.443845160064415
0.370943490894721
0.18314410433185
0.315906147402142
0.210797371435116
0.254041997175692
0.397774840175844
0.345695831598349
0.108187051419729
0.123823863789055
0.167877317019683
0.172407271659668
0.378184203673645
0.451556034403763
0.561919217683689
0.251979432366778
0.722607187905672
0.209867215419245
0.15204049510218
0.544563051574895
0.136894811062611
0.14461085884904
0.514797497114165
0.530248640227441
0.520526686461932
0.086881977218302
0.156662967974809
0.159537082815771
0.309344647235524
0.207177169778047
0.203488275813526
0.173561102088093
0.266346308397983
0.297451249446614
0.398825371128421
0.32155212664855
0.308828158744883
0.138758626237784
0.268832664837567
0.0777082939255058
0.251884437042591
0.34349130088519
0.235981798741412
0.215947868112201
0.780910530785599
0.112341783540771
0.141406363439284
0.0447246873459545
0.386228851275145
0.0976599607898959
0.395105474178435
0.0595001189915767
0.35428998120126
0.146408680139627
0.152666528130828
0.433242069458964
0.224206456141804
