0.179588855601381
0.558222982148291
0.420861421486186
0.239546977444363
0.220049328105334
0.247740525568399
0.252764648038189
0.358472713825114
0.0619060805808187
0.0917224630062773
0.0877991049702925
0.389929149157335
0.0842884926641543
0.141752192261042
0.276958288999118
0.313863493414356
0.210946699175269
0.188937495188549
1.1398050276169
0.274156580657682
0.374184310398479
0.152382999214222
0.204077603351107
0.256128539218478
0.301569601025235
0.32715529514124
0.139589929949257
0.454204593237297
0.515095949571149
0.608285873325638
0.168052248997598
0.383287561271601
0.143965273317892
0.12279170836282
0.588857305223339
0.107124349838348
0.127806780203935
0.268055217992059
0.518166651786705
0.258003487256298
0.0968264155474677
0.163182365095493
0.643382614106584
0.142437440384172
0.053708195795439
0.168976695911174
0.169942829502608
0.183718465590379
0.140773566095986
0.165184671076176
0.11530702078671
0.329992825278627
0.184517011646085
0.235000553592033
0.201351432340241
0.28247020363842
0.243445382815679
0.172596055717498
0.162713039841332
0.0906812635448594
0.105079276854341
0.1367488149991
0.355644585568348
0.322266474797087
0.32774165785372
0.030024370827641
0.440583690196376
0.154905816351203
0.136569534952731
0.126340516628157
0.0683843255182573
0.125359322384768
0.54655821068739
0.166320397727441
0.470675556258842
0.583541564389123
0.134920607170084
0.309473427287406
0.161835197996752
1.19483657405238
0.690740784752573
0.582982482765537
0.0711439708621571
0.179492517670805
0.202630436968388
0.106507658431258
0.12028645228791
0.121299775301307
0.318431080543302
0.0852026566479267
0.640841099932864
0.0516046870105041
0.12140566863867
0.180884836664023
0.245346002910869
0.792732267004424
0.0954597665046821
0.189454118115538
0.175995585862078
0.0839146486513854
0.230955897632678
0.421589116671511
0.0688996872217413
0.092881157475527
0.285960964270096
0.178180011063546
0.109606224237093
0.0769533144406291
0.086662569094529
0.45491166685696
0.171002566727703
0.30808355946076
0.177731352853743
0.126461177430155
0.237921608758377
0.11039385904577
0.0773592530596567
0.113284036839022
0.198709261958877
0.123747802546243
0.0777116158974109
0.520474375634787
0.380419910697657
0.154001655622719
0.185486865996662
0.111308253820615
0.0791833372294717
0.349684385003293
0.0738995228250885
0.219548638952712
0.0950676104294749
0.214734009831818
0.329582166054339
0.0532183503818691
0.211909491108306
0.253460885898691
1.75555731912031
0.12451336034614
0.322703619274028
0.133811239429136
0.158125290498201
0.232512868507142
0.104569705351496
0.508239158517601
0.275408751329015
0.256618230876554
0.452234125420398
0.260781407898747
0.136512374395963
0.200822247996193
0.193260341617224
0.0661366290218257
0.221513424555263
0.462774600336438
0.0590546965748585
0.626311481790454
0.068774651359612
0.251825148424194
0.150801646388367
0.406852215043244
0.258730643796663
0.452270168969717
0.257878269705433
0.131170737037856
0.0900304587390226
0.219697247932777
0.137787100462508
0.0961959212416806
0.0643425931098473
0.218024626924125
0.318209777211804
0.14348463262142
0.182288994114169
0.499470976287116
0.9685349135468
0.503937324933933
0.193703614811592
0.247563454907862
0.539690919554714
0.162484195686087
0.0585787101665272
0.0609773163581908
0.52158645258851
0.638968711496955
0.199181229303073
0.290486092785601
0.594361842693684
0.144688586927784
0.246479396864267
0.205616940072844
0.629223024769219
0.179361520445849
0.588903838229595
0.116054729021316
0.0822927121073179
0.178245259753264
0.558204841615696
0.139031073298325
0.305411453492926
0.0745251237033389
0.556313711654485
0.236403251431385
0.0488621701659219
0.259419229451498
0.239604949610043
1.28645854201028
0.268275599861866
0.07957706692267
0.371071567254238
1.03835965896641
0.183855470687565
0.229337989771904
0.226101435298476
0.098629839356135
0.1051251341725
0.169419743761235
0.479317538624991
0.053643037673204
0.346078912022184
1.07989501690359
0.111860447645822
0.242621932087048
0.108960460779612
0.233870836546028
0.210147228164349
0.55882594136389
0.0835927730676406
0.153989961609439
0.0715327278346578
0.320167065519717
0.643843780027807
0.835497159296359
0.718853856928203
0.195222480702463
0.294273615026374
0.37036176005087
0.142620528212662
0.321322331942851
0.241115845766287
0.207029102837877
0.301250966765566
0.82891962726533
0.439372694389883
0.33027105123042
0.195772157231929
0.301943732194291
0.194349632796784
0.224257905080564
0.385948798677612
0.360515527242131
0.096067252722639
0.0831173201643779
0.125134246276194
0.202814545890769
0.340510178891339
0.288720683439037
0.674289738012994
0.236602755479292
0.847647720107416
0.218251241618733
0.175360075072494
0.44721768058809
0.132728544402227
0.123675514970669
0.530920265687761
0.278528783591552
0.749562672686384
0.0391380007831241
0.257986031077609
0.130337022248801
0.314294428922768
0.465668132494951
0.213241054424991
0.16944784395775
0.261996721693791
0.140913649362403
0.434157189672769
0.326151551567289
0.282725361340483
0.12041269640835
0.263523014125146
0.113402400113564
0.677221902049949
0.2604976656793
0.188515441319304
0.199445837572599
0.649303058397529
0.112728916949282
0.122825686705356
0.050207867877695
0.345190363042329
0.100969569584445
0.390843091933744
0.0615723455845726
0.312957659105968
0.1281402354044
0.104353852979359
0.425102844960358
0.232908991723028
