0.183794352184243
0.370834685418116
0.397428499541662
0.415903563918397
0.132151128756531
0.177445177034423
0.179577361276331
0.574021943101196
0.425313221399004
0.0841378903574884
0.118970016188848
0.227669996744814
0.0709816072329629
0.18961061287599
0.283790446253659
0.756230065831733
0.177862844742778
0.232313954776745
0.939204841048891
0.0633321612007277
0.264826338235228
0.128745346046891
0.187277005076229
0.24040861957895
0.327977871848264
0.397080029543085
0.0958522533791859
0.309667608188868
0.308437522070965
0.580690534647818
0.206741957855397
0.265483098222561
0.297252348342668
0.140633444491071
0.36883628545664
0.0702262381006219
0.220666820431323
0.378149392784927
0.480046773398269
0.313821376626848
0.108401621148634
0.161109949472413
0.95309367002204
0.150708026373163
0.0589904986907084
0.130873057791343
0.15174970038002
0.166786116214697
0.109243697498668
0.202078171622292
0.0361807344770687
0.356775523013703
0.233076588967858
0.221444694335013
0.113977805429908
0.24078534633082
0.255489493364819
0.169163753367487
0.180592189338037
0.360548870930493
0.143863506123827
0.106155793767121
0.309758597765128
0.266180713183935
0.259522463498249
0.108108384462123
0.410542040255002
0.144247218493464
0.124278271026479
0.22032234863979
0.321450647825671
0.107156606417794
0.353672818208882
0.117941645666864
0.292397650753736
0.401072315909
0.162590377731687
0.315372926563758
0.131870419163307
1.10973197194176
0.505749251817442
0.525805626217918
0.0718737495244931
0.14021437191421
0.0658021963848332
0.118117508256886
0.115490047772368
0.11547221720996
0.182484878900418
0.0784008242741224
0.706292831314259
0.142690176110662
0.23496617771724
0.39907534971635
0.215638751623776
0.83311220459431
0.110689527019733
0.215839326855175
0.168011274709721
0.17247899767233
0.249407752082239
0.30827978034309
0.232759666707357
0.167105651638116
0.232661170502625
0.0802644490765502
0.112360881623287
0.0551335681424684
0.100895069425236
0.466759384325204
0.317715165658776
0.258252014191434
0.130030393019394
0.127054451266786
0.25761874908126
0.203007245441898
0.116474561364958
0.100619664185121
0.220022418952262
0.214058914669633
0.196136102182569
0.413073698457258
0.291609357711651
0.135555037493579
0.195543109900843
0.120175740994217
0.0652843237606665
0.349300910632005
0.157365739498806
0.229296224657728
0.0788899551001667
0.127395889558638
0.216343307717837
0.0580845090217797
0.137512004513836
0.208584610932999
1.77878142974883
0.124143139092739
0.160467042794305
0.143040110121017
0.176834011408705
0.26639703658895
0.0716406036715078
0.496390861146241
0.190053337429999
0.209898490638192
0.392856744392442
0.241560763286472
0.0733321091859046
0.268945484810972
0.138285650041865
0.0469550636114731
0.243171012225322
0.326523797097098
0.070408306741352
0.434710412507806
0.0265566665089851
0.247334057798459
0.110668397885952
0.441658725911285
0.331810171155006
0.448758245763851
0.235751002193799
0.158548334264929
0.107787747456375
0.162906379796192
0.126629778636739
0.0597897597060964
0.137843716506943
0.217592412468661
0.190077599416143
0.103746973812326
0.0883562520434153
0.440580943858296
0.979484563403665
0.454407936854015
0.153886282937197
0.217965146465381
0.183687337151165
0.070471236567543
0.0494542195367448
0.110151577685519
0.497734997702817
0.649263425312716
0.172676476269979
0.138394565991401
0.664904483916755
0.0938998115551236
0.263065187661076
0.162625561953407
0.431594226246657
0.133435793596489
0.727705572374398
0.16433265620706
0.0955262253053656
0.148015356113585
0.562179774887606
0.30398430259126
0.173623457848793
0.113443060504759
0.518953603428382
0.187817614991363
0.053741701556067
0.385087593461885
0.162323055803269
1.32826572519955
0.239710741205857
0.303135539087104
0.335602959732137
1.03268617592827
0.183907204036384
0.225214847425815
0.342104458031085
0.0909819601624624
0.106029346177731
0.665323416522695
0.576704044853931
0.0708176257923013
0.261765940625084
1.01190594094991
0.143676592530855
0.148649089348503
0.229042631773804
0.234676630454948
0.118464437674481
0.474880423497203
0.106028473321152
0.260639938311131
0.115362760527877
0.248303893234065
0.418713875722212
0.889575060124882
0.416884780816453
0.110354801586325
0.29555161626173
0.333738670776213
0.14281041402323
0.172206882645031
0.348912086598421
0.203527055639011
0.301521340927067
0.841390360358368
0.447430583476034
0.45167819373132
0.186878658896841
0.299788667902852
0.157831677222763
0.116458286080793
0.511505664042597
0.35114849612072
0.137280206638636
0.113210501533159
0.0618377674306735
0.17965246518211
0.291205061914192
0.265245175305811
0.987431390205163
0.23074939704581
0.865895673725619
0.200183768615045
0.102660033898024
0.333797448212513
0.136579559796002
0.127230160014032
0.276282427685967
0.372076867581916
0.588148209430529
0.093138376309066
0.25635119028545
0.176788199511164
0.339140916371357
0.286368181558181
0.191557476112044
0.226771894026179
0.242134524857872
0.102912018025563
0.126810634805289
0.358207743232015
0.260833003913399
0.12906835362519
0.206224641886652
0.123772714768039
0.519912555884291
0.323338142741225
0.0705757436858158
0.126927773466683
0.390242819359193
0.0834682810817436
0.0987322303473462
0.0554893281538018
0.22073052643381
0.149358290929305
0.593074439013566
0.060067590280073
0.267075747408049
0.0927398926727558
0.227879621093398
0.304526077251165
0.220542532544969
