20.4242116709881
17.8357552030043
41.7724555095191
53.3198915295376
26.4987990457845
16.0446672276763
54.1260969869108
17.3810817364663
11.0639253208505
13.3986102080315
19.0849214073524
50.4612876403459
9.79268426740718
6.38207459758908
31.8638370447625
103.234992415993
24.6944808883106
19.3635390283475
133.85786510081
15.4839874779074
23.9389775791181
14.309472304098
25.28515629326
25.5904159686763
103.955957985898
53.5260434420014
11.6837466768773
37.420001650824
22.2704222269708
47.4468473227299
32.158988633219
35.2481644008868
32.5150782191824
23.9083807883572
49.0204557977544
7.59206196936168
14.0881316145004
35.5361400161555
29.9706429663811
20.3910827934389
14.5251483104753
10.7428320665745
86.830584065138
11.0902665723576
10.2100550547333
21.3527988347259
11.3626517865682
16.0936740577445
6.18491412510616
20.1878764986569
7.08568465746473
51.0700676412202
30.0765493318045
59.0327160713456
41.3616558920826
37.487317401822
63.5085497732092
23.251856317553
12.1717831388114
54.660335859312
29.4143043927432
14.6923715053012
24.6671667904352
57.5026339248433
15.7913897413827
15.1207771228044
38.6407758103319
20.2287783694742
28.0144210710429
27.2954953918944
57.4406798342281
12.8361529001956
72.294664439237
12.1342165786237
40.9909431569522
33.1248783536798
28.0301152184161
49.4564693685434
27.9845126393298
49.7481103827778
89.8527898247715
37.2902470326696
17.5358352157897
22.351606476509
9.16349874774184
4.83747027978475
7.16280371286531
29.0138906926693
19.450674489016
18.2546487076681
78.2051460116356
7.34648981605373
66.2694116616013
46.8702477270649
72.8916249826688
55.3248786608344
23.597061164537
15.4983107414345
17.4858388322197
12.6936815044759
45.080229688821
21.1306727262589
46.8749610160361
18.4008746217072
30.1007445075719
9.87886233020843
10.5418961618827
13.5757286869594
9.0068320509315
61.0180302146309
41.624730520539
33.6832896694448
34.750813369188
13.24416360376
22.373933979733
6.40195746780517
17.0709204802688
12.7643075569661
38.8852787463814
16.8019100937076
17.0712860857472
40.8383044756797
43.6648414479909
16.4776732582348
18.0350058957684
10.7690831763096
7.13097504190296
41.8202534095194
6.27664645734456
65.8450038008287
6.33182345120875
21.6640925845082
57.2530329603561
4.62911128344321
16.1248115376275
37.2940134913188
116.288495875472
25.3239197442806
13.7976627503693
38.6420646244452
20.271746105277
31.062228687652
6.32359176192804
76.1317027329093
12.563054874681
40.612857634467
82.7660002199607
52.1312718725248
3.95189864546397
31.4402868786681
26.2345996628584
3.65096735873256
37.246982533729
23.6035573092539
12.3178689272625
133.940417655802
6.38377413095939
28.216400105619
14.2505272969598
64.346267926506
24.4887118688531
23.3893837449959
21.6609817710211
14.675230479469
21.9626332260943
21.8042217172478
13.7492366961838
3.59372749026634
15.2320490841217
14.0422134941837
28.2521240704444
14.2425704899858
6.76691398437946
64.1658359794101
46.5804303227724
59.6984320762029
12.3835011425032
28.6064924535827
14.5502793135547
10.7840679390551
4.26063164666718
6.80522551326338
27.7433950426246
168.15981429416
11.2565374912451
5.85121918484716
114.550782560163
8.56691561294114
37.5919830859987
40.9103603597244
105.456467926
22.9286281450685
80.9647270846144
23.963913622247
10.5257181352297
15.0788213011422
114.667844950413
20.9446959688183
31.3195198294204
12.1851901117438
34.3399826133238
25.4402582317142
5.73771093503332
27.4034585335583
19.5093835025958
128.856883442749
22.101384761362
27.1721843611471
32.3772786213217
65.4622863776287
43.7837209620832
31.6292464130926
49.6301095855217
12.0415326421528
11.1166691717105
28.2491288231816
42.6443909871079
3.57878442578163
73.8308781414476
83.5740600442452
14.4667303950602
20.8851771647632
17.8348184737387
33.7017351089146
10.8086853464355
37.9615383320804
22.7532971786405
27.2409410963501
15.7665926078188
34.4539018204554
97.4047477082824
49.6583373013283
73.0803341244682
5.43643112842734
34.6778233955686
24.0850050222803
19.0969840002254
17.9040025766306
37.7440795543703
43.6280444496457
51.5688606284601
75.513078357894
43.1843029541483
28.4114180260641
28.9482122474876
30.4997441852996
40.5302702104132
15.6963166799533
58.1135540781813
50.1779343933625
5.66205173503645
20.2713632075454
14.8651174074346
61.1871815999961
51.0190241802872
58.6808213253437
173.459810727051
9.30759262983509
141.075780008777
16.3499487590703
20.8257138212789
48.3864598605097
5.16043000791148
12.1987804970362
33.7120413131427
100.076020284718
72.4725983752174
8.00411895034298
37.5074965654351
11.471586971627
33.8512154909477
47.5206066898197
33.9553600563446
30.8858340818977
61.371754731277
13.5216784824476
20.8663561674868
75.5864013523895
39.4995235639919
18.0414188107317
29.218570623045
6.51477753986836
31.840947748536
30.2636372266314
21.1608388364771
25.2954617877939
50.5643932629706
14.135971362063
27.7854508333828
5.79060638986423
14.7871754467381
28.337128906964
156.899866523236
4.36797850816019
17.0373668057266
7.68877109159112
14.2441885271508
122.116192413401
32.65523357289
