19.844875
13.156375
40.316
71.277625
22.605875
33.209125
17.870125
22.2935
75.939625
18.75325
12.446125
75.98925
41.542125
8.900625
109.195875
27.6535
27.2175
35.32325
59.640125
55.368375
32.18725
16.87575
36.876875
14.25075
72.62225
13.043375
14.257125
29.000125
37.1195
112.775875
16.740625
41.445375
59.942375
16.265
18.533875
9.37725
42.363375
21.26875
26.248625
28.202625
10.738625
33.19775
28.661125
13.054
15.970125
22.425875
41.013875
14.35275
4.429125
56.45525
62.750125
24.5345
75.221375
160.920625
32.472875
28.846875
49.966875
44.988375
47.682375
20.8105
34.979
16.252125
11.132625
66.277625
23.85525
8.472125
34.728875
18.309875
30.354875
24.49275
47.113125
5.084
45.642375
19.452
10.375
40.212625
21.635625
50.439625
11.616625
17.424
117.887875
41.253875
23.5465
69.893875
26.533
7.658875
7.39575
51.83775
27.578125
29.725125
23.574875
18.147875
70.812
41.333
192.63375
52.731
35.876875
33.08725
93.097875
13.061625
25.7875
16.0255
28.677125
37.97975
18.90075
8.921875
15.93175
25.723375
12.775125
91.04725
6.718875
27.037125
25.558875
12.547875
15.834625
24.59525
25.356625
11.17975
37.899
20.634125
3.477125
26.421375
27.67025
10.118
17.553375
15.51
12.726625
51.122
7.611375
183.525375
13.03
18.89225
188.15975
5.24125
12.666125
17.8915
115.415875
31.18825
45.061375
44.15825
15.70075
31.63325
18.637875
98.029375
33.9505
162.565625
30.096
30.431375
9.687625
18.143125
18.976125
9.228625
24.100875
8.462125
46.41925
43.87775
60.53525
64.972375
28.80875
30.46425
23.24825
30.559125
16.98375
14.028625
29.069125
18.09725
4.730125
19.844875
10.490875
20.00975
34.527625
92.37125
11.948
44.48375
49.370125
53.31275
16.979625
13.5
67.537
10.436625
5.522375
4.21475
27.942625
211.145125
6.4825
14.433
27.61075
7.067875
25.72975
22.374125
79.8355
25.231125
42.941625
11.537
7.718625
24.848
104.48125
19.13025
147.353
13.42825
19.026125
36.668
9.4195
40.8365
19.568875
159.78025
16.660375
18.7255
20.561875
65.3235
17.245625
24.00525
39.580125
11.883375
9.477875
17.569125
26.654625
5.32925
45.243625
69.398625
9.443875
15.86975
18.82475
24.69375
50.718375
22.1945
31.731
26.845125
44.0745
17.52275
54.144875
29.391875
34.717625
33.155
59.484
36.6415
17.536625
16.547
53.330375
25.185375
56.173375
65.846625
57.1015
60.913625
34.12425
31.501625
29.42375
23.870375
53.871125
116.3635
28.71375
23.7555
79.586
24.5435
49.728625
51.3385
124.742375
25.42825
58.447625
21.270875
26.231875
16.5545
8.1945
18.800375
24.49575
63.678625
67.896375
11.094125
15.655125
15.345875
21.125
45.328875
20.477375
16.165625
37.5345
28.247875
36.928875
33.111375
23.66875
15.335625
11.889
8.6825
31.393875
40.151
34.50425
37.78425
23.163125
23.180625
18.17025
6.4885
18.809125
53.679375
175.203875
10.3745
18.789
13.16275
15.016
73.628625
22.281
