25.0497988489928
16.9443713552613
43.6330197327666
73.0588327163458
30.2578900681293
38.1334918952487
22.6321547444118
24.8813924650531
79.2363018989718
21.30177558327
24.0320077318771
92.9726966506834
46.2503463027576
11.3363587463083
112.030587782422
33.7963785338015
37.1976403922346
40.1939241366155
65.4076309127995
57.0925695263841
34.9591046831866
19.3945679315111
43.1455894979429
16.7720434279786
83.9592762698083
17.6198417309861
18.2284290224089
32.3449377820549
40.1193450438813
118.744824821442
20.1328222655196
49.7854154886248
67.4945102017564
21.1023881823835
34.3873340581238
9.78565405325571
46.8044452576355
25.6059078632256
28.7500910063777
29.3781838593709
15.5574688132421
36.4417128919594
46.2147565651384
16.2562326201368
17.8357645301512
24.8311012668589
45.816531256469
17.9905568007219
5.44666571169922
65.7431840345446
65.317220484915
39.7286125386981
88.886455972634
164.697582675415
37.9040580825457
39.637214138042
55.588676795504
58.1334271708197
49.2852038686562
27.0325499768335
49.3803190299536
19.9100342070274
12.8648039190265
81.6280850067855
30.4431995813515
10.1694869155233
36.9600519835268
20.6644645859746
34.6073733093831
28.5051368090034
58.7930673325946
6.83694372508653
54.7638829327779
29.1251996903026
12.4320076415678
61.4247383053033
25.5577013906767
55.936874536168
14.1980457149919
17.5826000352621
140.436574526101
48.5878411475031
28.3123817127772
83.4769063850895
30.6272685363876
8.79763723251874
10.9587246634816
57.693772436893
35.6441370617245
37.9319798669276
27.2606497148362
22.1780608231423
79.892246504276
49.5609315439087
204.181591155398
62.3239366475674
42.0298274131003
36.3798200105498
101.132503766717
14.9833586563561
33.5552926935528
24.8797557162445
34.3949749509285
49.2370760860147
22.3410840717276
9.93346024177879
19.4362361454063
30.3393147479471
19.8008256930109
101.782268504883
9.39638871455412
36.380664100247
28.4290576941094
17.9752660863476
17.1022041890804
26.725634421843
29.2798737937
13.4666638036301
46.3611979191651
26.9177577098279
4.35881496223457
29.0877979765571
39.8252346728805
12.2838227559665
22.6829911525134
18.2511718733346
15.4768654247234
58.4950648409761
9.64715515709165
197.625696810599
15.1091549565156
20.0737114654964
194.612280432145
5.52969777655163
13.9327489794728
26.170500864523
121.66247603154
38.3832792599851
48.120042569339
57.214365903591
23.6144488290538
37.0984578655232
20.1423045944351
121.357817399107
35.3341084647681
177.668186433658
37.8291859217192
37.0594686298252
10.5209900615389
23.025837229621
22.5594216930532
10.337811996501
29.2563140215065
10.2652329186921
48.0653476841685
52.8331413011757
61.0525084783582
71.5821278506374
32.9907026940925
37.798317227755
25.7134741575307
38.2209421178364
25.973241384163
17.3769572171022
34.877787252419
25.6988525911178
6.96193528230477
20.9347861674057
13.0510967498904
29.8103413096865
45.601608440657
108.005002143419
13.9847951003939
73.6050562189854
57.2420173135521
61.7705352959645
19.9411871355494
16.3392776385616
71.5197756043739
13.8560421793166
5.95017668855304
4.87172792754275
30.1995528257456
231.840630267054
7.49188833005405
16.7132100746685
31.348202169343
8.64728502912908
27.8723302847107
25.4339523791526
98.1146246947926
29.0694611039661
46.3514331129578
12.8372639218799
8.44892931826276
34.8602256303656
117.150632688219
21.1857905033067
154.323348436813
19.5406427670637
23.6305383852125
41.8285030989635
12.4003967275245
49.2154502392287
27.5282788033506
165.150119597292
30.9040437099257
23.2284647846129
27.840198528836
77.1643413177356
21.1144631029302
28.647406366022
52.784502400089
14.2840734780034
11.1733180110028
25.4960599186423
31.4544634531413
6.02984050369494
61.6341802949062
88.696728948282
11.184304778349
18.0674040470677
23.4213409895762
33.8667719343016
57.1528495385401
25.0546036089179
38.7697467782548
40.992170729604
48.913770231398
21.013262240785
62.9418469591177
42.6588512401002
38.8808329562909
39.0992358301284
60.575380040079
46.1061860301847
21.1931302578218
20.4638961771702
58.7167582562679
33.2151645506236
63.0380394097485
88.710043448445
75.3696569051498
75.6584173448335
55.6687884096645
39.2224900774415
43.5158859958062
32.3404591320995
63.3697146227991
137.803689233997
30.6495496826625
28.1727831780958
84.6334268226804
28.4442317350988
56.7379166926756
58.112633501675
133.692635566156
26.0575197303964
73.2661249649181
24.4059057120403
31.6439463385179
22.1859531291761
9.13481264175681
23.2530715739878
33.37395705112
81.2000378240368
84.0017122675187
12.358157300949
19.0807928327153
18.4046832049617
27.9110221731487
56.1034042405182
24.8293346845017
22.103474203731
43.8883759610674
32.461933712812
40.1661646771882
37.4014176619684
37.1687141625857
20.043115853704
15.301237237557
10.6728290415428
39.0945421622379
44.6608700374276
57.7259788223638
43.4220847006451
27.2636002047602
29.458031453663
28.6987310172419
7.62252540172875
21.8076281694044
62.7339528574838
188.642524179001
18.9172899486158
26.7476048226752
13.9017649958557
18.3560897728792
87.4222919276028
27.32929019843
