0.547007414405521
0.661022644525894
2.33737771005796
2.11035101931134
0.720116903548793
0.670467813773246
1.17111871222142
0.579270967681582
0.2579182954005
0.651561919405854
1.02299025616972
1.31742563407065
0.621299680667609
1.13868563710153
0.42236391336684
1.1790665819599
0.898040472221467
0.936445635758301
1.80162461161783
0.110638204179743
1.10247358161523
0.762386423348907
0.925117330215699
0.577405255290605
4.12626644204076
1.80821537748604
0.532478783447125
1.73176637589577
1.15792378327042
1.43715532705246
1.43093078942079
0.844976425748239
1.10116236994026
0.748318609037203
2.22981583355374
0.478427489764933
0.592913254631412
0.977967840872099
2.26643424610753
0.587807027959562
0.793342390982058
0.672159758995469
2.48848303545101
0.244097257460876
0.655823406060458
0.618704154652912
0.321011896092171
0.494762590070138
0.707606555061938
0.475615506972225
0.142313829381372
2.12686501581335
1.05959261156595
0.564695805864883
1.47168876997607
1.00296547192846
1.26411521384066
0.699515368761037
0.464626337947238
0.775572824597124
0.633929721275982
0.740923651973476
2.56912370936905
0.890386227698784
1.00884703176768
0.806499030280232
1.78669760316085
0.546861610166248
0.555064427526979
1.29879505409725
2.61364510989273
1.05864048048707
2.93688174619586
0.170253820529045
1.88331418528483
0.903233687763276
0.426253127034957
1.22506151248799
0.989553159549998
2.29842595932244
1.14506681861923
1.45575538399298
0.416255046935683
0.510593947698499
0.324460756957708
0.251652402752324
0.443024818366705
0.604254423298841
0.57150046796715
0.452890443422512
1.51939222137122
0.390284482164712
1.66255246936475
1.52615779023588
0.7031876368885
3.31911908492489
0.697484273745637
0.77269861367755
0.736271393519915
0.73546093739992
1.05189454871239
0.370018374511252
0.686791168753251
1.39393561383606
0.728120222679596
0.443809057828398
0.527553568377495
0.29571163723062
0.343155468232391
1.22266708319201
1.79624885417593
1.99578336519243
0.531044479875417
0.663398674123802
0.721077591939127
0.364665222518973
0.627394680986025
0.472644626804747
0.702897988219179
0.296894632675433
0.431993393666694
2.58902081325343
1.42972120211572
0.914918541790119
0.888455538460924
0.475177394126366
0.20169905821186
1.33244641103253
0.397715959513889
0.798923486278302
0.757911416756472
1.0223474974505
0.372703302527641
0.231700241105593
1.10016175370342
1.14827183706405
0.972463809721712
0.556225123390567
0.208347433920832
0.665330153017494
0.935824254056593
0.666353479478033
0.359468009064722
2.12862021210892
0.313211751457804
0.588050294331527
1.65975611755381
1.16540500594463
0.256015095390794
0.510783420308004
0.56622906916819
0.301857861833036
1.33976258670352
3.48749594591705
0.31580308838327
3.0658977415919
0.195577000960867
0.483927952462236
0.519603664249697
1.1969453232074
0.892729784285245
0.980086976971655
0.639089035175834
2.00162239288989
0.538590853347918
1.06857674661886
0.101363634279441
0.447328559190519
0.391593547531828
0.405769617057034
0.738825654295767
0.348163266973922
0.286129074139186
1.33984100045112
1.51476806197728
1.82306377398919
0.47004683352336
1.63049173004137
0.424807131631797
0.251453856950131
0.465187167018013
0.378474642336124
1.03796225725274
3.329016114203
1.46172222289799
0.683037330440243
1.97057579332675
0.510286183560656
1.12099291939503
0.634184844429475
1.78171702355315
0.760863191444619
1.91079838532209
0.478592353659264
0.66224371420799
0.438685226035505
5.56218461193771
0.545498836616536
0.706132122313145
0.345320502802744
1.20651376859048
0.64922446210393
0.236180878780873
0.81581697276954
0.695267831646754
2.97600037304164
0.899168981282054
1.22711604244188
1.08834703951618
2.57103631804476
1.35406435418029
1.39899574731391
1.3246290085261
0.522370505464355
0.507620988137744
0.771124805648956
0.946065344306194
0.416970212353594
1.00376015846329
1.77166677736467
0.401644166124013
1.03026521673927
1.70243205290958
1.14029995511631
0.290483500767947
2.84537737418721
0.483647021331118
0.254917530487659
0.476785455005873
0.996663330899419
2.14474409167213
1.29164581524012
1.67493151673816
0.30641724437682
1.60616913760851
1.45200001434461
0.879663279083983
1.06137946938794
0.956049878547136
1.69678551405092
0.785528752108518
1.2981166696171
1.47239726750948
1.30941178709871
0.806777033696264
0.809756467434079
0.61971944365827
0.57013777656752
1.53846141818017
1.07359895395742
0.267359413195268
0.502590320476472
0.441955607666608
0.939796311539071
1.0219226240034
1.74730570977962
4.82707363924632
0.612937193760794
2.66195516291423
0.444762856170841
0.767346520170241
1.83643015074421
0.604075620614803
0.47949832350353
1.26906902187162
1.65711793936075
1.96913093454979
0.393658607751999
1.97848594697633
0.424013485690657
3.29590396758174
2.12615048038782
1.18048552861241
1.00407377598066
1.69663670704248
1.25666293522277
2.28373837352309
1.15339661655397
2.17300938866681
0.556452302708318
1.21521480074201
0.174747631104746
1.0635092292696
0.980063292202467
0.387368625879804
0.548812262878767
3.26314928322335
0.214127602369781
0.619125549931867
0.0829587049598546
0.652095087058141
0.637782470960018
3.40671068543874
0.381700329385126
0.724931542766025
0.692074077953703
1.37450491910233
1.41133317456504
0.851648841989185
