0.187360259547688
0.39322175219454
0.398019613917196
0.331700384746502
0.157725001224518
0.231475928627604
0.195031135435441
0.552067833945272
0.28072131505642
0.0811651483706712
0.12787953806309
0.178417264538799
0.0694202602752819
0.180027443851172
0.292018507708478
0.752164044096659
0.173605895972606
0.231841970513652
1.01999682944555
0.110013891476382
0.427400751195051
0.129500449873109
0.183595396590551
0.232487320574004
0.293740344720647
0.400168861468963
0.102522564295592
0.350019778948575
0.318108877366283
0.562014568572485
0.193072360347334
0.281558307066048
0.283744368930966
0.141429218240822
0.368687572978752
0.0744526248824407
0.2232386663911
0.339152520360295
0.485759645886461
0.319862677316066
0.107496668131118
0.167553402686677
0.976472093280948
0.113993333277436
0.0647481129185706
0.128986351210126
0.16221753346904
0.178228003439146
0.107895971199984
0.239387547799313
0.0467125055902467
0.411804469786881
0.236378067954629
0.239045160073187
0.106858705567475
0.247461241702497
0.265580051011385
0.172911568615821
0.170497879847875
0.412926188033955
0.141205673475584
0.122648947669098
0.34254112399789
0.272735907011045
0.261105701174017
0.116182629486737
0.411004528148271
0.145943615388969
0.124256280998799
0.230961255082293
0.240464484778908
0.108757286279144
0.371757884667905
0.149361900794502
0.331288234693328
0.419605983192389
0.179505794544905
0.315983447301016
0.141245708816782
1.11494564579038
0.521201961001225
0.518855351630301
0.0711715131262733
0.138946363978405
0.0684417694647324
0.117781467907397
0.115050818535541
0.117222849978793
0.196172430835867
0.0766411235431918
0.743918499751666
0.145932287598872
0.207224743843405
0.399884584188144
0.279335277953489
0.807586440467644
0.110297659940882
0.199592258307927
0.234055614432558
0.17400730748478
0.317301010715428
0.351605731182484
0.221496450429882
0.171481695474138
0.253882916297793
0.0947285546969534
0.122614323687415
0.05577494676732
0.0881920572279168
0.463893170555241
0.22332771825102
0.265929021006512
0.138761002096002
0.130698634498101
0.267026006983024
0.209018745177982
0.117385119089169
0.101798210789634
0.238766366007109
0.162434538389212
0.183349386517429
0.400221897780825
0.3053372648837
0.12510666045829
0.202235762063855
0.132277422140152
0.0704804874541179
0.355893364088939
0.18240668718423
0.187695171599857
0.0814001840578902
0.130704477181041
0.217017820282349
0.0662509810796267
0.132450103432943
0.205069633167048
1.75549804518119
0.132108701137516
0.175611301103843
0.137507930761207
0.17004513474921
0.259792860229042
0.0672203337873122
0.504629278711395
0.192236424291292
0.216506128255078
0.388441757772073
0.208675617857674
0.104853413460311
0.247677765628024
0.165718171793725
0.047428700637461
0.256613510855303
0.319175602373559
0.0732781317031876
0.451727040344525
0.0293587064216811
0.255491719958757
0.12144322432245
0.458287760188723
0.279860001648603
0.459453022105093
0.209830543384
0.110329178028558
0.162735454700773
0.165836630341162
0.128392317898214
0.0614123069689506
0.179579559526095
0.223352301526791
0.203125767865858
0.0982429066582102
0.0833758343179808
0.447131401525426
1.01170493538881
0.456993825011956
0.155863169876891
0.224006367836366
0.194108643260517
0.0707206647635408
0.0507562509654327
0.118689658120513
0.562924205774655
0.660850470042132
0.170298144328237
0.132342781107555
0.654372615078785
0.0914522107063454
0.27470840964134
0.155126349887439
0.396778109916668
0.141116149270913
0.776799245470051
0.153345125761461
0.0928834593414371
0.135799696948678
0.563600590989802
0.27132162414138
0.188702351376693
0.107701803620953
0.534374051253252
0.187810787425134
0.059254550013631
0.476297663808707
0.144797451261845
1.33593128792516
0.273697393796742
0.290682990911616
0.357973685692606
1.0465795662738
0.187963060811398
0.234747997626481
0.278974890281355
0.0980216175129759
0.103896596907839
0.87081752146252
0.572663001851458
0.0793125373237818
0.249907158793527
1.01206830208983
0.160182279112645
0.143825250340096
0.166496902345316
0.23912073409014
0.112622475935789
0.482615230214372
0.119418304718261
0.260645456379399
0.116906616144102
0.252063305615804
0.500051376554574
0.893089519121292
0.444007777737883
0.132683571716542
0.303765203541621
0.324560856391689
0.143058593125129
0.171043126975885
0.365200017669674
0.196369511088646
0.292282492909232
0.839833079422828
0.442227621711384
0.440148697824751
0.181621959404502
0.308019658702702
0.15651076043619
0.114073786512059
0.505922936173242
0.377454731714754
0.131153051089159
0.11459909018636
0.0846800498557694
0.190971123948899
0.29418082188556
0.259736670784376
0.940717561082347
0.268369973977405
0.981673808350404
0.182459855071813
0.122741845060559
0.323687444634794
0.124834698779582
0.136593482041309
0.240399438633124
0.373609414814681
0.592889232135691
0.101199678514018
0.249111376533473
0.146069196061877
0.338255241830295
0.278446657794776
0.20341209839247
0.234898923430011
0.22578667258084
0.0705498772779936
0.411891659629645
0.370398854348345
0.312404879684498
0.137299877922607
0.192374044760618
0.125866112688133
0.498810221774773
0.322215289215199
0.0833618252230889
0.123424625263954
0.348012302311174
0.11250398864101
0.105228337526836
0.0469695181495869
0.198366529129148
0.119267495906865
0.575574918902264
0.0621396105724694
0.26763712427965
0.0993731895722384
0.246711298995841
0.311351442031668
0.214458124522312
