0.161098165499752
0.249072034576096
0.417084595481362
0.469381602087578
0.132325753320089
0.199185874164156
0.192069131166332
0.205893228647677
0.155286305380034
0.0908662547602822
0.0906660233555977
0.231297760261567
0.0686592745896709
0.184722925945217
0.158352752203128
0.635072487236302
0.196015082149519
0.245657883050954
0.794441329481145
0.0623107439455303
0.198119181175378
0.17069656469261
0.227701610501378
0.229062224345628
0.369398772430983
0.400634288180116
0.0987484102514353
0.287221631671045
0.315364377064435
0.604203214829899
0.248950054961095
0.265062222437872
0.24490175596136
0.126942061050209
0.313084622573739
0.0886705223584007
0.15095176796466
0.330134894479327
0.523037537387257
0.272646802497219
0.0914282455589112
0.176005755087318
0.712297162131171
0.135831185868158
0.0580459821478824
0.117254390764375
0.151980626193927
0.164081846825541
0.0884273697401185
0.187152155282787
0.0529192911781438
0.341847022908285
0.233046682961428
0.276837897129309
0.144187502054647
0.244014625917115
0.253072970371058
0.153737835145654
0.17460315978112
0.389748844718266
0.146410285142406
0.0904942892178237
0.286845273302205
0.253987167000935
0.259365690612944
0.112415847718632
0.402292261806865
0.149722492716353
0.122283058870892
0.229863214766992
0.453178275039156
0.140171920619992
0.466384855238165
0.0675529499103695
0.330775904888648
0.407595394015254
0.148725450747744
0.331039117785347
0.125535543033536
1.09236878076321
0.484839542349678
0.534660466410915
0.075624635828824
0.158528273406225
0.0742348670990326
0.081957327243819
0.12038084635339
0.115121195284279
0.232354071423258
0.077128086705502
0.526920210671126
0.0671680962923881
0.324654325263781
0.318854494151509
0.241870171156912
0.840890435164341
0.100814231630896
0.239732396712833
0.130819482626664
0.153162024620632
0.269071933134811
0.163927650486767
0.195449244167134
0.177738932257842
0.20355922608665
0.0815683445027073
0.0949882798878952
0.0503793980822797
0.0979942239158814
0.490266410150573
0.326708067443565
0.249450385044452
0.134122274417987
0.119563344823045
0.213169327743558
0.104065969364196
0.121284255979711
0.0855597294078102
0.208298032347762
0.130680517800699
0.170672421515668
0.460860507127083
0.273488122241157
0.123785927845181
0.149135055312212
0.101964279700787
0.0575686840412335
0.347922565448517
0.0680975606505652
0.225406452114772
0.0896456669397056
0.166450808782749
0.175194812603905
0.0568854900445387
0.16378427824919
0.183761752817276
1.77282758136151
0.110352331974477
0.159686426549714
0.121518541237862
0.154309505605328
0.25900518413775
0.0687726952511277
0.513509700408602
0.298998668245915
0.205090761776666
0.385466854677072
0.238222447828992
0.0999216968904042
0.240935413576171
0.117808281166493
0.0466149336816545
0.230661740086592
0.390003782435695
0.0701636825575244
0.459597989297628
0.0367502844718541
0.226806618282841
0.0993012543317365
0.381291185310542
0.257297712866723
0.436613148425615
0.2383670226485
0.180224619401746
0.108918494394574
0.173055300461594
0.132548696485596
0.048307369924207
0.142878604393558
0.210946089818602
0.199772840129009
0.110437779536101
0.0845229761033925
0.305452363454884
0.979538695270402
0.455185143293458
0.159909395614445
0.245459395472299
0.130513463342774
0.06407508330492
0.0461346299726003
0.0734143110030523
0.387612661672324
0.63251989816808
0.178017771005094
0.121803333159018
0.666143840846152
0.0963041340455742
0.237393838158516
0.159833746142344
0.390181585965304
0.137719352660332
0.61983672178203
0.109568980890089
0.0892617228998516
0.154484087661694
0.596567017194414
0.17553851202065
0.258783804682003
0.104497755964262
0.409142455390292
0.194614798203564
0.0510486507593444
0.334668958090972
0.136673206110693
1.31167130241338
0.193933913699399
0.199472376257393
0.27756219143759
1.02378497316628
0.185160406085925
0.224136893966362
0.369699457014115
0.0852664541270284
0.110828379668691
0.190581665206284
0.395001484405927
0.0728136333042147
0.267701622346841
1.0172849778901
0.10851525344088
0.160802312398729
0.232386828557304
0.242361141195858
0.0915488921921414
0.481650572385799
0.0821809677349611
0.197782726583589
0.114392157974207
0.24042144598445
0.5272263390219
0.850360000556343
0.482204844869509
0.0742450946255818
0.267551259413456
0.331185328334277
0.138448447512468
0.225147928939803
0.3514856329387
0.266893348693728
0.24691769156602
0.801245604489261
0.448398992849817
0.499924579190231
0.15595797330347
0.308311667137464
0.185500320182085
0.0991618935367607
0.513193982194222
0.355783822956942
0.128482463225715
0.0768725028814366
0.175596358823992
0.19652102751284
0.190536444132062
0.330766522503644
0.92148782508833
0.140667273468958
0.900198551782267
0.214725495172436
0.121227926640393
0.345024198216502
0.141703813210912
0.141784556293515
0.314522078495209
0.422112200232985
0.559343771324535
0.0662788942212765
0.288682302928749
0.0654770543248322
0.321807128362531
0.334190516888094
0.158553025961366
0.17492211520503
0.235483438715366
0.164881980355043
0.517285406808643
0.311856289517652
0.265979454015238
0.121667513910322
0.20907977819846
0.109158990778744
0.371979551229022
0.272948575095302
0.0890441441439718
0.114032637812271
0.373821482215121
0.0723948646675028
0.117200675235653
0.0618423349592334
0.199150319707676
0.113585346774302
0.581397312107337
0.0611169142960859
0.271899620293069
0.0939720481304517
0.167490988014865
0.340172404841257
0.184898157440538
