17.0173899256501
12.8641918944413
35.7905597584151
50.6805586161249
21.4957943550505
14.0384798173724
38.873416758056
11.4886143091261
9.47463183130206
11.1723511724109
11.285260335033
28.4054707635211
7.2714981647987
6.24289925983336
22.0706668656606
99.6613502305699
17.2695133148262
15.5970848446705
118.300891440867
12.3324727792097
17.9834434015577
11.8693505639098
22.7661141819722
23.4014648790868
91.9966066215839
50.1576162400985
7.8930731095641
30.7447740762314
17.5262397598605
43.8299542226347
25.9578520333207
34.4301374328765
29.9130317011225
21.8158843893935
30.3636820280385
7.395381240343
12.1602763860632
32.3503008828505
28.1160870199739
17.6103703422213
12.4785606704771
10.1885875421507
76.0679238192027
9.19095928339832
9.001844715716
12.8102584261902
10.0620789566314
11.9415822134707
4.5653757620357
17.2707955340765
5.20037796204625
33.086027128168
25.2377502180146
32.770047967011
28.6701368731395
28.5348873746547
54.3580934536752
17.8815256971941
11.2561713224664
52.8078053086126
26.6007041224981
12.1839966521843
21.3379002542454
41.7025650218336
15.3913428312737
14.0873674519624
36.9189004682146
17.7630349477215
19.7364720421153
23.4341583176004
56.0257598072112
10.8781125707345
62.7667236422948
9.98158654653563
37.5069475076108
27.6832260969397
19.8191763904385
43.6199043130496
20.7978423617324
48.5399639853642
70.3882994455767
34.3546408192082
12.5923407563991
16.9925232595444
7.275004725411
4.20812256036205
6.1249601536294
20.0979133600221
15.7648333781166
14.625694524723
68.1868264433239
6.4167540956631
59.8104111518129
44.9172528926059
55.6618489326502
50.3757775533365
16.10360009135
14.6963447008648
15.1012662502045
11.7897289880227
39.8170852715059
16.2716480566969
46.2022799915143
16.6012244762154
22.9451541186475
8.16702680924262
8.11311129566447
10.9054660903311
7.75888231372356
51.250707279146
40.393286076403
31.6879468225217
25.4487680074114
9.65882544002206
18.7295971074503
5.28606053548401
13.8251376012924
8.77417659349392
21.605837768268
12.3991745169722
16.6520828704816
35.2771510551551
33.7333610563468
13.8680614777869
12.6753147034138
9.21557819083825
6.61492013002525
41.0836552828941
4.62741838614289
52.0818500233546
5.88010408331525
16.4266376348513
45.981814574298
3.94479235180186
13.6419452168807
28.1408190039123
111.454242567257
20.8964210646946
8.60636035412886
26.220224309594
14.6588905198532
25.5560355565503
5.25813116051816
62.5386627743516
10.8732710841608
35.8971110495128
68.4970493719063
41.2243854817806
3.66667679017577
25.7333678042262
24.149020421921
3.03526052313395
24.1424647849158
22.4548658366186
9.51701354004401
116.182492055553
5.41206722941526
25.5101951676427
12.046500009091
59.5151470190088
19.3815194970845
17.6066869253318
17.4076908868995
13.1727670850365
17.4092671967655
17.6467763995934
9.36502754312757
2.9495786300713
14.178204039917
10.1790873464098
21.8028614072962
9.48651092709229
5.62006199068658
56.3269087796147
44.9245360281948
48.471154952732
9.52035285004429
25.4980977879114
10.7839328079942
10.1585876286015
3.64870344313428
6.40318173900065
26.1659261211974
152.798054943493
9.17828002999899
4.87756613360166
95.0069730803451
10.5680487386266
34.5134705922091
35.537673004989
74.8430960918108
17.0454315762631
66.9180763278711
11.8094561897468
8.38263968588608
10.8152719253893
93.9400172879407
17.7765703624854
28.4595375103085
12.7805174724779
29.0226836659907
22.7424093480094
4.74432275191605
21.7943220483667
18.4322756259797
127.868993804279
18.0555692039773
23.3079114115411
27.8098106552843
58.8631343711815
36.3198586278303
23.2642044562419
38.6065665398465
8.15468906616892
8.19360229257925
22.0489673391453
37.3769917980323
3.19578753910119
45.0398549512894
80.5692493967042
10.9392266127821
16.1562836055381
16.3665632948929
28.719843808791
9.00563235100917
32.006384701603
19.6625249101067
21.3847678249437
14.2022012047956
30.3236661865909
82.3706955257404
39.0152299326482
63.0839426389757
4.39660447564048
30.5379035382506
19.8555308543462
15.701699484302
16.584199599417
33.5325411494106
33.5006364549202
43.8329642207283
61.3412116892614
32.7400137575724
22.9760648733831
18.8261909370511
25.167380099756
32.785466319155
14.6285668284126
52.2851381924962
41.8556827108508
8.7855488179879
15.0942579206372
26.6559101403796
55.0025198320589
40.8068988224961
50.3607412738721
165.162489222938
6.82555615593009
116.696085990107
13.9119242262877
17.7855518689602
39.4911622849415
4.72035535182373
11.4679793534815
24.7323902014829
91.8679944326111
61.5446914818592
6.31139441093853
34.5404574060971
7.84031547524937
28.38003958878
43.5937290850228
23.9962517564038
22.186952121111
46.5562357137835
12.6287708880275
19.3208939559662
59.9173725571132
36.9320512076191
13.9750078350753
18.501410436478
5.36656586788886
27.8044125357434
25.5253049489069
13.5216402377118
16.4383040203995
40.816763909264
10.8236786290329
14.2269018063898
5.67900688574715
12.9519655010198
21.9359079473619
133.484034978846
3.7607222356544
13.2814145580995
6.9318724504157
11.0956423327072
88.1655993206252
31.2439053875605
