0.187451088089995
0.393661642268284
0.398260140302657
0.331845122219707
0.157774574681097
0.231648353386155
0.195080227746055
0.552736413026877
0.280972441938145
0.0811985269290472
0.127932478666007
0.178500810259964
0.0694530706503809
0.180295436581072
0.292133738930217
0.752382376097176
0.173705049586018
0.232025750127381
1.02045041925754
0.110042387469971
0.427680519847156
0.129597352386685
0.18369061372342
0.23260757213104
0.293798644857984
0.400334663182158
0.102586866010767
0.350191555637362
0.31840471302994
0.562441897008719
0.193164619693947
0.281664319640074
0.283863714444978
0.141469489044354
0.368902836019965
0.0744965240345969
0.223369413905121
0.339332687764817
0.4862384022769
0.320102000970346
0.107536880247033
0.167698726754898
0.977010196451267
0.114078475362381
0.0647689503165136
0.129047917168318
0.162341746502218
0.178352027747531
0.108002291192647
0.239522362630098
0.046736479287012
0.412046618223796
0.236489283611025
0.239142623174951
0.106885487295411
0.247571874603027
0.265644385475191
0.172987810791335
0.170631730751889
0.413077293528197
0.141244652266226
0.122695362497108
0.342780458692283
0.272824419641423
0.261328364975604
0.116229287889776
0.411228912556147
0.146005967023464
0.124295275355651
0.231075406396204
0.240560686900868
0.10882656299563
0.371894341855931
0.14940981438421
0.331434888735608
0.419932653841779
0.179575681278243
0.316104088931236
0.141289335661411
1.11619748723256
0.521388916585521
0.519270718269387
0.0711928398617817
0.13901424363601
0.0684742071391499
0.117899441220001
0.115165290688109
0.117256768364383
0.196319813937869
0.0766614515384191
0.744248502714206
0.146003001494426
0.207278710871176
0.400037149639846
0.279399930057527
0.808292548334458
0.110332622278347
0.199752956588574
0.234148131370633
0.174119790808177
0.317411391165204
0.351801882492241
0.221542524319893
0.171573866244571
0.254004752715987
0.0947754221564055
0.12268762331811
0.05578789878075
0.0882479778258399
0.46413092964902
0.223413009065079
0.266034958799263
0.138798634281442
0.130783331746465
0.267170898393892
0.209211210436786
0.11743655241568
0.101848604464666
0.238888810202865
0.162523523015968
0.183442863139507
0.400480386001204
0.305465862648651
0.125163016893759
0.202360942931106
0.132348983908195
0.0705114253977814
0.356045885830499
0.182534487911183
0.187736483553688
0.0814623869423719
0.130770199726623
0.217063523350304
0.0662984090105362
0.132529171996176
0.205138412296988
1.75874334302024
0.132144131725141
0.175783138227665
0.13753938364318
0.170134233319912
0.259935555115269
0.0672648267547361
0.504844932878335
0.192504734951275
0.216569834823534
0.388553690947041
0.208735224581903
0.104996530590953
0.247796025248021
0.165758981040913
0.04746513274045
0.256743940184972
0.319444682080236
0.0733055554224447
0.451821449455662
0.0293685110667393
0.255604010365917
0.12149290142644
0.458441106344163
0.280053036992116
0.460032226873814
0.209976377827942
0.110406431496997
0.162783426695444
0.165919440639773
0.128483543357039
0.0614628483742712
0.179671942360733
0.223593371849932
0.203219721994793
0.0983016687775567
0.0834377704270719
0.447264548354328
1.01279145041646
0.457224443750075
0.155999809196255
0.224113625937256
0.194235008138558
0.0707431054040068
0.0507885168080635
0.118761037906298
0.563375188689915
0.660992229999618
0.170465557978088
0.132508743654957
0.65461458642941
0.0914938147773835
0.274806197853838
0.155161398672665
0.396894477710302
0.141174708172407
0.777204056996558
0.153413708397633
0.0929332104964903
0.135905811990415
0.56378030422556
0.27145694805285
0.188793171854775
0.107745689117598
0.53479103742194
0.187893033853144
0.0592863686585093
0.476654481384559
0.144851330723137
1.33659098437165
0.273853877865644
0.290814507056531
0.358162500599891
1.04746392828696
0.188011736793341
0.234864686864795
0.279106603022906
0.098073941670092
0.103967293190326
0.871355157147227
0.573009966642118
0.0794027293928625
0.249987871275267
1.0129375618478
0.160257949669443
0.143896486596933
0.166612735713457
0.239224161163075
0.112680262413643
0.482984497310002
0.119444219599487
0.260768588273149
0.116954203728866
0.25216423600296
0.500214520145134
0.893974131895534
0.444180581280923
0.132797423029454
0.303901476206264
0.324844714061812
0.143122229574827
0.171157382197935
0.365395863203929
0.196453300294497
0.292370618161782
0.840319543876296
0.442548571970527
0.440667316598099
0.181698078234133
0.308210352338057
0.156556567531016
0.114113063117738
0.506174581067092
0.377626366973062
0.13124953409649
0.11462903068375
0.0847113523823253
0.191005236479597
0.294254903951917
0.259823249526701
0.940989319412721
0.268679597095198
0.982179116126511
0.182605584760583
0.122781989393917
0.323829826735369
0.125024354312783
0.136678567551095
0.240556878090012
0.373694298947875
0.593172040121646
0.101251497369181
0.249214049529852
0.146134119464479
0.338451150103971
0.278553012500802
0.203482542782052
0.235000671359232
0.225844036656077
0.0705975108044409
0.413390053577173
0.370501987469708
0.312520395289709
0.137359228250955
0.192483895756552
0.125993140876014
0.499173109658293
0.322393679398167
0.08338971981183
0.123468919031893
0.348172160246456
0.11254243275549
0.105272041396852
0.0469948858208491
0.198522774328122
0.119298384277982
0.575702233248089
0.0621898268652837
0.267921222881109
0.099440436596771
0.246898613765867
0.311414443543811
0.214519209282675
