0.569583433735957
0.751498318754513
2.31965599699432
2.03028377524418
0.709182154617747
0.629491279729846
1.16015244636318
0.593865620261258
0.392306260903122
0.64629885244105
1.05628317685319
1.22172439606312
0.341951210019886
1.0026048059072
0.553508681880423
1.27910839519481
0.889405511508748
0.935722037762557
1.85553164141856
0.110018175317925
1.37149795074257
0.770263414404132
0.93577679096281
0.54895438443188
3.37133396570332
1.84102363569488
0.523841789744429
1.7441364105606
1.14214548523163
1.26412296707266
1.30708886195205
0.796908030777675
1.24451841593548
0.722959244751695
2.47731254082929
0.483022177069048
0.619473174379639
1.72396884408469
2.11253229516181
0.570135728936947
0.780084529501847
0.674042170118164
2.5811110172395
0.30510229872742
0.633818137368857
0.611813589118967
0.341283413379442
0.500916132893792
0.846375303472242
0.562340401381188
0.113542101111232
2.17406150575642
1.04594298637943
0.387194547508927
1.30678452220937
0.979425914433265
1.25391255773396
0.705855649404286
0.41613493410422
0.714822539063863
0.63215272289552
0.704394165050359
2.66775481486956
0.886698993339175
0.999059187419958
0.809827809799821
1.68632532451954
0.4876456636834
0.557434135279772
1.13437597299238
1.91527135695891
1.03480164585751
2.65526482238766
0.182071172195873
1.6881167496656
0.947673790972228
0.433060402102657
1.20561118437297
1.00219517110219
2.39701252521717
1.14839556281282
1.69321830976281
0.407894174435927
0.472942052442827
0.208668839804192
0.31386996608026
0.456553461288327
0.60195593147052
0.590131404044514
0.464138494080015
1.89284828459324
0.381461531774812
1.40284506016688
1.68443373304353
0.644280558628898
3.34537389900902
0.782171554856421
0.952719374495942
0.804284201540466
0.791371792713851
1.03480585085439
0.407087266534988
0.731767880466531
1.21917574665614
0.695385656036883
0.413342878515632
0.49153416369924
0.294350905121768
0.338701009379357
1.20277585041661
1.74004792361904
1.99362516075082
0.533010628930314
0.685438504920162
0.842656566421037
0.431816807660225
0.617016714288565
0.467754925858305
0.752696105219194
0.398363309725197
0.574585246676296
2.56960323951995
1.4114354297695
0.93677600346152
0.751018247155373
0.488314499522486
0.250475560958083
1.32822317861352
0.341743990096767
0.795511072228587
0.61356928017041
0.915628515051142
0.386089137808458
0.19843736497044
1.06114868664251
1.17097382948359
1.34917788575938
0.577911357501528
0.216737382362462
0.659642480606853
0.934501615683194
0.668285979444541
0.349705319417474
2.12771619614301
0.253936671625031
0.576542932150491
1.68005128295442
1.1925336826162
0.180682723134687
0.49780731595275
0.576233357173974
0.274182577158627
1.3395834122995
3.02472696855414
0.304374437149851
2.73811923701241
0.100711873557874
0.491582508756885
0.413433812349436
1.5150380390544
1.15027523561573
0.970681053261033
0.651472487099204
1.67459514760917
0.539953564385995
1.03450444653184
0.110207180028169
0.448819594919298
0.666705191624452
0.40212581804441
0.730527327423689
0.297087332131397
0.281864479103719
1.44569301678252
1.5058079110397
1.79998540828503
0.442243891196908
1.44228728309718
0.474626933736209
0.255067142176802
0.441953253184587
0.433990494160298
1.2446294812785
3.34664435629321
1.46137964756016
0.761916494004155
2.03640063973959
0.503809252474239
1.13840355276223
0.654913653578145
2.02136051457608
0.765628978480445
2.82131599079671
0.550327088402603
0.669763561439988
0.417852550749527
5.42347735727341
0.531473255756276
0.522475854905836
0.387280666303862
1.41347643440015
0.649463185082616
0.220880412923322
0.865320348491541
0.883628694527131
2.96896924738636
0.936189284415993
1.77884096852872
1.1092317640842
2.61615791158616
1.36125482970747
1.39623946493542
1.2874191521212
0.52423656112317
0.506573705074845
1.65283149561107
1.02685718487984
0.331952466761298
1.00490795098098
1.7469619995813
0.41464219256827
0.833308726682357
1.96142853094078
1.07203517682382
0.29198631328448
2.84776798202418
0.480201221901365
0.246150459035732
0.46811055256907
0.999016771019018
1.96689806553347
1.39857722608163
1.6742727684126
0.360814819901169
1.60429850772287
1.46642433004866
0.886244237302159
0.916529499945315
0.9094471316581
1.34197397693434
1.0197704538358
1.37166855940441
1.4829349972125
1.31770990572024
0.807238757006056
0.831675040392205
0.632575101715914
0.621851807240211
1.58791469054737
0.87843936796737
0.477997174910246
0.525929998701385
0.307323974734703
0.886084876578071
1.39654170923151
1.62644090352623
4.86958797428983
0.832468852391208
2.59397005859963
0.344968929488857
0.794403560096096
1.78785929726007
0.590223397617629
0.468695292883866
1.20408922557436
1.49980149387539
1.97798184194461
0.498264188897428
1.94508462418502
0.853162216646643
3.32138817398209
1.75317448702498
1.27300656094727
0.990808442328348
1.74471898158797
1.12775312168025
0.511383049561915
1.30581208017757
2.00456270925969
0.556087594514427
1.21536591142161
0.209061863743467
1.44281918763233
1.00407687921931
0.356954063018332
0.561297049299221
3.41801782282872
0.243848511972903
0.566852323699402
0.142520820628598
0.639191390738232
0.700823660411416
3.8072235799188
0.363190317007635
0.731729356621052
0.293902107683377
1.56985366927658
1.38093457924645
0.793908559670865
