0.18370551112738
0.370430005797202
0.397187931257251
0.415715638382563
0.132110310110665
0.177311177710402
0.179532512820812
0.573318822402256
0.424908833231694
0.0841033494645536
0.118920840125508
0.227565489033022
0.0709479351248883
0.189330545280243
0.283679258109477
0.756011159713828
0.177761033303357
0.232128744267981
0.938790957268628
0.0633160234514821
0.264669801372094
0.128649283141003
0.187180158082312
0.240284098704467
0.327911755326566
0.39691920842978
0.0957917948546298
0.309519158144071
0.308151894070566
0.580255562148465
0.206642852231845
0.265382118277009
0.297126764310398
0.140593325141936
0.36862142156186
0.0701847670578403
0.220537410359533
0.377943001682949
0.479572027524244
0.313585018025575
0.108361147560876
0.16097012974093
0.952569775296191
0.150591527945526
0.0589714738817396
0.130811492449141
0.151633796325711
0.166669421108165
0.109136037071014
0.201967249703065
0.0361623418524345
0.356575457068146
0.232967273549443
0.221355465075767
0.11394918617135
0.240678414281493
0.255427825717131
0.169089354516835
0.180449190253108
0.360413871711698
0.143823791358085
0.106115950756192
0.3095463227055
0.266095025228738
0.259301420288935
0.108065169945699
0.410317732285225
0.144185731046228
0.124239117593965
0.220214208653142
0.321320045382209
0.107088429542755
0.353545281233442
0.117903148359371
0.292270283668645
0.400764218445123
0.162527976470505
0.315251889434455
0.131830023890376
1.10847792770807
0.505565077515788
0.525385404314049
0.0718522086976421
0.140146343275122
0.0657705790337322
0.117999279543467
0.115375330458997
0.115438874112931
0.182343902183111
0.0783800525748315
0.705984110640188
0.142620726582951
0.234904322579379
0.398923923470943
0.21559171706411
0.832406039934336
0.110654431141901
0.215664350528908
0.167940527408684
0.172367405509224
0.249323921201985
0.308110513286403
0.232711356641104
0.167015518674265
0.232551186099754
0.0802243956982088
0.112293690629614
0.055120776213123
0.100830974338826
0.466520229514068
0.317587010652516
0.258149537097044
0.129994995078559
0.126973110187147
0.257477727059227
0.202819478171696
0.11642356282289
0.100569960098232
0.219909310990793
0.213946161582311
0.196037122354279
0.412805843947251
0.2914879229651
0.135493839201418
0.195422814146452
0.120109990599081
0.0652557746082022
0.349150826808646
0.157253226391007
0.229244759035119
0.0788295093179616
0.12733303694875
0.216299429142515
0.0580426494491052
0.137429880636971
0.20851457584124
1.77695154591881
0.124110022716445
0.1603120746767
0.143007594159527
0.176740690339742
0.26625217132754
0.0715932695778961
0.49617988787097
0.189787239458915
0.209836692517789
0.392743569447983
0.241490350408362
0.0732305841178166
0.268816814276717
0.138252296579377
0.0469189288623669
0.243048685948565
0.326247445342495
0.0703818952182019
0.434620722870167
0.0265477665671798
0.247225221476341
0.110622794147699
0.441511828683795
0.331575032411902
0.448184816055334
0.235586146482546
0.158439683922211
0.107754218237612
0.162825045259735
0.126539695910742
0.0597405439380044
0.137774033338523
0.217357620399989
0.1899904421718
0.103685345418366
0.0882899150023805
0.440450332399962
0.978390369253347
0.454177592324498
0.153751173352549
0.217861047687128
0.183571231937896
0.0704489100313503
0.0494228215438651
0.110086417922597
0.497345005386536
0.6491250065611
0.17250682688218
0.138220774653839
0.664658732695218
0.0938570381720234
0.2629722141681
0.162588714225851
0.431466133137777
0.133381117198155
0.727335688974592
0.164259661623494
0.0954749714544377
0.147903349846801
0.562001195477331
0.303835910964194
0.173539471580889
0.113397150949518
0.518552123589624
0.187735341578519
0.053712782656403
0.38478214093717
0.162262264744239
1.32760163558642
0.239576275562491
0.302997550179408
0.335427865651108
1.03179660188144
0.183859571935916
0.225103507526654
0.341937078892587
0.0909337463958926
0.105957203600415
0.664946550496358
0.576354992599918
0.0707366776339993
0.2616809593893
1.01104761174219
0.143607737156291
0.148573494683903
0.228879732184367
0.234575043968046
0.118403325653015
0.474519557923808
0.106005839744532
0.260515110968896
0.115315683861773
0.248204772495517
0.418583027411084
0.888684554531572
0.416724044518206
0.110260604787257
0.295419756043461
0.333447504186
0.142746914997871
0.172091812460816
0.348726627568888
0.203440220910049
0.301430103573758
0.840898576926891
0.447110947595264
0.451156896613319
0.186800061567071
0.299604124768169
0.15778555134159
0.116418279835646
0.511252952582681
0.350988016814668
0.137178923282877
0.113181042774538
0.0618149051930869
0.17962059298624
0.291131888546653
0.265156788512147
0.987142180529921
0.230488224499151
0.865446118296937
0.200024724130604
0.102625687222826
0.333650367543918
0.136373813175616
0.127151651045548
0.276103110294645
0.37199241518164
0.587868857336944
0.0930904906007889
0.256245300557295
0.176708032852234
0.338944576164574
0.286258878891532
0.191491585590085
0.226674851351944
0.242072017533669
0.102842774251667
0.126594482910721
0.358108008179285
0.260738663614144
0.129011778210714
0.206105355742133
0.123648182036943
0.519528423267757
0.323159144481675
0.0705528587654223
0.126882181760249
0.390058570006345
0.0834402139609906
0.0986922858524852
0.0554592043578131
0.220557069746876
0.149321118417652
0.592942543781094
0.0600192678177428
0.26679135987819
0.0926768884601908
0.22770490116898
0.304465768246628
0.22048009419985
