0.161547545756969
0.248902373557526
0.417450445108162
0.460285592144255
0.132218920053936
0.197943239366209
0.19158024768376
0.20591600852584
0.157432869894255
0.0908751597769865
0.0906665062657084
0.232020559366051
0.0688092725953446
0.184781313681686
0.158176224880118
0.633269909675354
0.196190026273236
0.245680789104051
0.793630064587391
0.0623766731754923
0.1978610256873
0.17069656469261
0.227890586068557
0.230406366312326
0.369758985891173
0.400166824981363
0.0988433993420476
0.287336200185497
0.315705023917303
0.623063649122199
0.249211654575408
0.267631512154699
0.244976274085673
0.1265341710959
0.314918515039123
0.0859846680417051
0.150928760798199
0.217923192979753
0.523027705526465
0.271753820989658
0.0916780652792083
0.174675109288462
0.719065012291202
0.136752375023941
0.0580729832173281
0.117054086004944
0.151477922082802
0.164221240556255
0.0884118353510132
0.187468910674668
0.0515133334723015
0.342789428543876
0.233046722882775
0.366225920700622
0.144404793739054
0.244447252970169
0.252967990391837
0.153910132589234
0.17454355378618
0.389616197345362
0.146413515292446
0.0893583964475684
0.286482496662917
0.253942286688368
0.257526004680087
0.112618299981052
0.402100982501797
0.14980076475229
0.122157580079993
0.230898232321813
0.453272269821045
0.140163072447595
0.466833254003174
0.067796386908114
0.330736229856569
0.412403217917545
0.149028345710235
0.331032213134362
0.125855391846807
1.0927391597
0.484837856031232
0.407241198488018
0.0756725390026343
0.158141460575773
0.0742282838691946
0.0818201861515178
0.11708419196146
0.115071034385252
0.232653952450437
0.0771246775742076
0.532072098030353
0.0672050845336247
0.319854617787202
0.321327022541359
0.242858411870861
0.840900336241771
0.100832368689381
0.240172091229108
0.130447151268021
0.152628532669952
0.268933068958066
0.163916569167106
0.194833309335575
0.181176071178363
0.203779752267974
0.0815598446460183
0.0946372708512247
0.0505255318558908
0.0978770104562516
0.490029621884671
0.326812922678621
0.249055391127688
0.134191611527212
0.11958138309768
0.212687879586912
0.100916691048232
0.121858520666946
0.0855657881300912
0.208326862979448
0.130634762907808
0.170774653712407
0.461739562508734
0.273159972197431
0.121044458564599
0.149561904531074
0.101929086816547
0.0575665503798244
0.347809153528784
0.0691885439869525
0.225838126273495
0.0898280329065546
0.165984010812836
0.175252251250704
0.0565416072103587
0.163818663193455
0.184729077967872
1.75539502425689
0.110081587999337
0.159644843458582
0.121532291462525
0.154422212726591
0.258997930900198
0.0686856860807346
0.511783270264461
0.299075858368974
0.205086073223073
0.385517834703253
0.238550711686432
0.0987985321921069
0.241046621448734
0.117522184483877
0.0465173518641328
0.230653169020598
0.389456130877881
0.0704178638050776
0.435253646557699
0.0368412387358034
0.226233628691511
0.0992927502287276
0.380857575201219
0.254020890770685
0.436606586165934
0.238218381977894
0.180305198502715
0.109076302965578
0.173061844786588
0.123486956781606
0.0483420414935016
0.140140598905852
0.21128361710543
0.191779529201804
0.110503475808531
0.0847222769366805
0.305841559996687
0.979591760440204
0.455136142518959
0.154408150067753
0.244784176035797
0.130048548888638
0.0647357428707986
0.0459755414893123
0.0745320691681545
0.388805047436279
0.631068594020116
0.178018348258517
0.122372482069221
0.665321752127395
0.0518627186643974
0.23609245857207
0.159829622008386
0.356253024438916
0.137845270093962
0.622019752146956
0.195665896182638
0.0894780691729374
0.15433319641094
0.599257284170362
0.17575453300016
0.257167095630257
0.0879254020267129
0.409631229280248
0.194703981526852
0.0520510582044345
0.332863340035532
0.136081602363732
1.31176263342223
0.193870392096276
0.199735413002556
0.277396801660595
1.02374812013105
0.185366799446145
0.224124715463936
0.370190995477632
0.0852412243038089
0.110684003368909
0.190612071346787
0.394686243253002
0.0728040544049013
0.267708401780907
1.01727142696664
0.108795704079586
0.160565726429412
0.215335940817715
0.242323061917941
0.102713978312687
0.482011985552799
0.0823497225364275
0.197884017355039
0.114350863801092
0.240805810009592
0.52784998858411
0.850320827765116
0.483986487631544
0.0741681601751498
0.267698977109715
0.33122325897358
0.138335580596413
0.223736459790083
0.350058800662265
0.274973318718498
0.200776081771009
0.80122211288607
0.44850559009805
0.499872530787584
0.155926038428371
0.308339577951341
0.185515869969718
0.0997910683584786
0.513119621672637
0.352895173821197
0.0558339644777127
0.0766486139254465
0.0980476537882586
0.1959962000024
0.190552314712254
0.328675750650224
0.922441432025018
0.141484840768578
0.900521442578513
0.210919086615196
0.122267827848437
0.344569577788636
0.14180431914502
0.141570009847966
0.313320450189938
0.421209071237888
0.559488640724849
0.0665782149286584
0.285584080737605
0.0655912916646315
0.321701069249425
0.332750361644989
0.158708137899067
0.175840462589012
0.235692316338282
0.163721849318983
0.516495374954471
0.311877560655267
0.266603808694943
0.12187776202018
0.209204239169273
0.11331209332177
0.371909656148962
0.27899649722988
0.0887079192186963
0.11420792976604
0.373633433007836
0.0722648242201247
0.103423528140752
0.055386563984146
0.200391862496413
0.113804118748729
0.572105046859455
0.0617159308826571
0.27197959836547
0.10013152489337
0.174433745929021
0.340415371563572
0.185251038488316
