0.615070917731191
0.651603104659094
2.20084321555639
1.32414787204563
0.843634696335543
0.677640468717028
1.2202434044851
0.480348409394175
0.2459294904196
0.640620233743881
1.06714016168428
1.52848850840376
0.393067785888408
1.12989605930135
0.508198189954958
0.99301669468179
0.936538552319032
0.685999847518301
1.69722086734797
0.212043043818684
1.12985126544432
0.790205251531406
1.17038912753586
0.707140377285487
5.17052412106334
1.84004318123505
0.510545918474418
2.12932284889965
1.22371364376904
0.92546173618668
1.20673195345156
0.937617894256372
1.33356369633639
0.625991304403726
1.96074482819288
0.436020908039631
0.665257965280088
1.15443684325513
1.93117101802107
0.507044852704907
0.900967135876305
0.527252561694644
2.54440284438211
0.289720059917478
0.517850688715484
0.754763810508622
0.415361491494408
0.598315515562991
1.03708642535511
0.454656730964255
0.172311474062722
2.31228980563611
0.985783934184982
0.526010428147856
1.73887344239522
1.05471567575283
1.28288571336455
0.706897059321654
0.466087760619809
0.657409732083921
0.608941472035787
0.738351208776127
2.84366173733561
0.941171626261307
1.18861591689505
0.828125243742619
1.88520645245459
0.514325038494637
0.600987782065582
0.771643256025232
3.30646703330195
0.702812342404801
3.2317254203001
0.657703152231846
2.12897166394038
1.06955367566917
0.512805941038959
1.3701532719197
1.07256384083148
2.34988011621558
1.13665984552204
1.83585587709005
0.41651693543418
0.422779200378735
0.312574060762966
0.396944756566456
0.464315411485504
0.599037134073817
0.696446687473708
0.458064062440301
1.66779483179219
0.669761950753746
1.82596645596625
1.44296565432841
0.870618166441448
3.28742692326269
0.735182512349414
0.863582053073808
0.722345120929776
0.754765882546562
1.14741079009739
0.383075632264689
0.678492786023062
1.02977610051119
0.882821792599474
0.338234470739692
0.514910893362525
0.413492951814914
0.409724317268451
1.21336181028922
1.90566627873678
2.05200801751376
0.487719274727096
0.648893038000757
0.661300802462178
0.612250090818061
0.565095955133523
0.585134880560642
0.775303067390441
0.523272223719286
0.304636939076239
2.51038094803254
1.40209174198771
0.703643523197151
0.778969416520964
0.442093582989314
0.302090713026025
1.32390641531054
0.488387076964404
0.961691924830936
0.557966844754629
0.960973945919862
0.681725311257167
0.133160372855558
1.15014531247401
1.36761128210574
1.08124269427606
0.575605845434767
0.315258709381281
0.663671496063877
0.921590149998964
0.593534223961453
0.438709177868736
2.13064279093238
0.357037665832276
0.674891400436246
1.58756827771798
1.26825165526064
0.174354392243699
0.555395136700264
0.697280031236079
0.345035806993362
1.33635313582001
3.3946731999856
0.337161680702926
3.45166913590886
0.207926839617445
0.474725828670221
0.539769017060015
1.32410132223389
0.728360671622592
1.00119916208768
0.664147646460439
1.3062956083667
0.532589436638528
1.05976273398312
0.113291963992925
0.596125694254048
0.573534435839818
0.403403972213376
1.05567851382767
0.329025640454201
0.513028426553411
1.50220463319004
1.55079326778958
1.89690523233336
0.533323581940022
1.50287377689134
0.517358663071302
0.277773577820785
0.465070434809828
0.63503653038368
1.28955973894557
3.44411604985889
1.50938893784538
0.621107583933973
2.07741920494828
0.56137915444731
1.13687223883401
0.669350473485841
2.02082691376553
0.660056958761251
2.00495335800767
0.532798866237862
0.737626585065049
0.401620339261538
5.48102707422646
0.781255252700096
0.783345768448128
0.337114698704522
1.41298048878139
0.663600792624662
0.214661968680978
0.681077168345831
0.671358008762235
2.87942640032346
0.910086302844294
1.33263046975583
1.22911997049732
2.67636970752395
1.44733678093295
1.41753893532656
1.39867863356508
0.54179170521761
0.596796076804111
0.905862060349336
1.02779055943831
0.408860501235049
1.06753742898117
1.90126996199245
0.380728717448047
1.46005925316975
1.57522639356745
1.2281751755628
0.350147847847415
3.02649274741724
0.471936121872336
0.300323902827146
0.471134615042615
1.05194305998854
2.41831117015259
1.21256958968128
1.91271728856482
0.567727583088207
1.79329745865026
1.5144154522912
0.927869878581212
1.15166507245914
0.957733016498063
1.60271710194877
0.897631734132766
1.28037500769741
1.46613125582741
1.31362147430107
0.816485074591179
0.902993007772406
0.61563121049125
0.885735473885558
1.38041997847958
1.06471485883954
0.371010522642551
0.582464096276064
0.471178970960634
1.19840690682077
1.2044747700788
1.75707438349812
5.00304132798539
0.981710847298727
2.76038463042247
0.382934937710041
0.858982171457118
2.16696566365467
0.481234139169601
0.462890882822585
1.33666352161634
1.75298699276474
2.12180483028691
0.705732816690919
1.80574750288426
0.529887791819314
3.44081365255642
1.93211521314639
1.16050610401481
1.10548912557798
1.888200692531
1.10159740440764
0.988851624960933
1.21510989713159
2.19306211621596
0.550542225828481
1.46834076405546
0.224548436470568
1.1041353032841
1.03939962344729
0.444668422529908
0.750753322839629
3.15587818782941
0.282648099388754
0.749679731141558
0.140434676252206
0.887405878556323
0.834023150293403
2.83467233012616
0.454759466464285
0.741546500040545
0.418768033507382
2.17324395003084
1.40270998323168
0.762928190808139
