17.0603696915067
12.855195928432
35.8160250569314
49.9022763594977
21.4801606316751
13.942988660595
38.7871312588082
11.4890029555383
9.60174097237826
11.1734604568869
11.2853153840711
28.4904374338806
7.28258425632071
6.24505707851579
22.0063150561416
99.2273916391966
17.2828801465625
15.5980789501275
118.236621951129
12.3434630656749
17.9640114130279
11.8693505639098
22.7876327089367
23.5396901005199
92.0747157704175
50.1092102118341
7.89988933722568
30.7549500123606
17.540813924614
45.848123949541
25.982848398358
34.8163157036335
29.9186000750156
21.7380237483605
30.4867564901784
7.17991101564772
12.1580163146034
23.4689892273119
28.1152853782425
17.540072048348
12.5122576663696
10.1077306890559
76.5273268678148
9.24578137723576
9.00610071475112
12.7902638331176
10.029947657134
11.9534731010925
4.56461983658376
17.2973203793035
5.06733983116955
33.149861625794
25.2371958395883
56.2238502466785
28.709143074766
28.582227634568
54.3372275815651
17.9057273670527
11.2545474061275
52.7854894937766
26.6013159904232
12.0363965357616
21.31573851673
41.6933946689241
15.2919095101132
14.1114554764634
36.8960158937898
17.7561332852226
19.7176059628432
23.5280927583824
56.0351772855648
10.877453913967
62.8135608276944
10.0189077402989
37.5032300930758
27.9474099665851
19.8549287301755
43.6190003461099
20.8458859047135
48.5823697335807
70.387222543342
28.4260100579956
12.5998151257046
16.9453452172248
7.27449741138413
4.20161722581845
5.95767060387444
20.0900241657649
15.786851806195
14.6250368140889
68.6696598463912
6.41997728476765
59.0757764048581
45.2122638132634
55.8532114826331
50.3760958545455
16.1063913395815
14.717645409919
15.0541633819747
11.7461741914258
39.800261192407
16.2706647958525
46.0368895141695
16.9619731390689
22.9683394660782
8.16604210668612
8.08638660170036
10.9362942044866
7.74944024142841
51.2297580901525
40.4044575621046
31.6434478843557
25.4618157913697
9.65912149689604
18.6794901708619
5.11706823831835
13.8850600784955
8.7747243027513
21.6079160829414
12.3952546145484
16.6629956314764
35.3290228713683
33.7028862153026
13.5342534340941
12.7079732289962
9.21215112713798
6.614706021656
41.0701784909366
4.70145778708591
52.1683206877896
5.89235551218935
16.3861114324382
45.9840575162306
3.91873629745702
13.6446071221789
28.2669647710715
105.452551189433
20.8481955004043
8.60477290391072
26.2239382428136
14.6685492001377
25.5549799646591
5.25341582379358
61.4917723361671
10.8757766574314
35.8959063317616
68.5043400675676
41.2724309885624
3.62278343544989
25.7434664380273
24.0926351321241
3.02904472495045
24.1417326614753
22.4287971550977
9.55416224519075
110.878266582797
5.42511708893113
25.4455057000966
12.0457103307101
59.4622596308828
19.1780164147538
17.6063075615076
17.3980681691712
13.1778886699635
17.4347491274411
17.6474033797297
8.85300263681824
2.95191244229692
13.9222845937979
10.1949402502633
21.0533777515634
9.49312898085534
5.63247377781559
56.3828779127551
44.930308410282
48.4645785437668
9.11843566758406
25.4354417448524
10.7458503823942
10.2590386813221
3.63626951553165
6.49665915771711
26.2335324718827
152.531396014519
9.17830775936534
4.8998512791151
94.9519966471292
5.885238876659
34.3497070389734
35.5367411580529
69.8626668971778
17.0597004145756
67.081458654113
22.3562189771341
8.40122920597666
10.8015547899712
94.2339749026897
17.806513721481
28.2503441958961
10.5435528651709
29.0492808351126
22.754330920003
4.83956574532745
21.674492964182
18.3515348464685
127.887542887745
18.0505737660734
23.3351867993873
27.7964116587809
58.8531310335268
36.3571858866194
23.2631595215628
38.6473668255208
8.15235889005954
8.1835869792753
22.0531918931971
37.3476228807975
3.19536048007598
45.0406089355194
80.565451043095
10.9703715031927
16.1395201418086
15.3093421834746
28.715417505628
10.0335870545781
32.024877681066
19.7016505760169
21.395077115944
14.1971316396832
30.3663103725973
82.4419518735296
39.0070965200273
63.2604808115579
4.39185294485104
30.5523152456402
19.859089353147
15.68924808914
16.4908949125617
33.4189464114518
34.4353556309612
36.3817606996847
61.3379324347369
32.771860294747
22.9722826479096
18.8209890049034
25.1692576310741
32.7881835464074
14.7145151046065
52.2740242187116
41.5105077500022
4.02883413559364
15.0515782411071
13.9377541827105
54.8711540641935
40.8097909335256
50.0857378000381
165.276777207757
6.85809398952016
116.719508250678
13.6113339287609
17.9276046704463
39.4494406816576
4.72402539088793
11.4494139101481
24.655111019898
91.7085434040399
61.5526782091622
6.34123151106274
34.2175498304959
7.85068800165474
28.3722458962311
43.4313436138852
24.0174731679854
22.284980784051
46.5876298225075
12.5357869072493
19.2774364905202
59.9197739884816
37.0090604834309
14.0008305914366
18.5094216731091
5.58589710993021
27.8009024745918
26.02189758698
13.474627863529
16.459144072869
40.8014484108387
10.8041779634536
12.8504077666712
5.10510892092667
13.0311779758717
21.9896089408791
131.978383673303
3.7968536163076
13.2853679968313
7.40831983686792
11.5620971270258
88.2098694194049
31.3113658438967
