19.149413492183
17.6950205797058
34.512320308073
46.1450256120242
21.4694130774202
12.3224068042616
36.6735279411071
24.5253303057293
22.6309718618777
10.3173362632362
14.5560720245724
27.9501287153923
7.50234839914331
6.42225436294854
37.3094868057171
131.74573648362
15.8452165862954
14.8035271408611
126.408931453814
12.4643057747639
22.8072597906389
8.7064250151393
18.2061759481774
24.310411680599
82.8380245907412
49.2281247029916
7.71329410314156
32.6888542044503
17.2081043125376
41.3983065254714
21.8487558344926
35.0434393291588
35.4413782051686
24.6927272997341
34.032488125908
5.96009169628819
19.0551952944786
35.8310956018158
24.9324324868469
20.8654528345517
14.5973454055546
9.33790348806428
91.3126657984209
9.88368090489146
9.15244996581125
14.1170382961543
10.0321478010977
12.1779086221621
5.54982897706319
18.49107866409
3.57751624607019
34.0074699082602
25.2050499304689
27.5924242159814
23.060864838904
27.8089990265974
54.8247616581727
19.5994029092323
11.6581871665511
48.2430628105391
26.2349548305397
14.1637147152581
22.735953089602
42.8008195685725
15.3942625963997
13.5188762153422
37.9318930533036
16.9581597220796
20.1320498370952
22.4907034873445
40.020107314706
8.4539265433554
50.2889680587891
18.0807136798798
33.6886614114615
27.2842106185607
21.4225000805462
41.7781189807501
21.6768778052532
50.2125822546126
74.6936529044059
33.960127504063
12.0089721961324
14.7853022933461
6.95761746853235
5.90363694443251
5.86539243678884
20.1299037401384
12.2628990677783
14.8443805075159
84.5019455634462
14.7152580543571
45.0061454861384
53.7206186686989
50.8504820943111
49.4163152398447
17.6333092630184
13.3275239009518
20.1640321424397
13.3838524986853
37.3287424365489
28.2389360571861
56.2140981061868
15.4949278633718
25.2144784281733
8.043645596037
9.58459766024041
11.8965067364894
7.97696864396356
48.8946543260436
39.3963198530787
32.6155703795431
24.5511854927335
10.0947392376988
23.5686838499647
11.0038507863528
13.3138820174684
10.2548780443885
22.4898245565024
20.5146785014438
19.4285228948607
32.3396751594604
35.4434152605657
15.2315637094606
16.2477546125488
11.058421311918
7.46369301464963
41.4050232688276
11.0571125973609
52.7851302477954
5.14734920047847
13.055546486944
54.7914684644436
4.03177733189494
11.5740309022527
31.3007057011188
107.28887701766
23.3312828651769
8.6164358020976
31.5365882097052
16.8556693779897
26.5870609805411
5.4477065155599
59.0081955221765
6.95225640966094
36.63226601953
69.3722047476898
41.6558066207761
2.64714091404011
28.1892452583959
28.8385638237696
3.05278849777387
25.2010308305088
19.3474659192861
9.40772302604275
110.991904827073
3.9616954022835
28.7052464998807
13.4769883332539
67.2092862695309
23.7492279375562
18.1412085401331
17.2271810449946
11.6587150747182
17.3509727121949
16.7176125862614
8.99748947729561
3.64297841403622
13.7021957174926
10.4753934657441
20.9171576245648
8.79056459746696
5.88963554912801
75.5400447812059
44.5340105409449
48.5099231214738
9.07373546444671
23.0349208382498
14.6661601924716
11.1213548429319
3.89859558875093
9.32127018702735
32.1295983183529
155.639650922979
8.91509341210484
5.50889851500481
94.9268635806084
10.3135396166112
37.5615619272288
36.0600709416411
80.7336888142139
16.6205270954113
74.6654878499238
18.5514438620236
8.94472643421145
10.3164072025147
89.9966805696195
31.9793722606653
18.2257264546861
14.0554536820825
34.7188941525059
21.7960334632191
4.99475898013613
25.3715789582314
21.7873832261493
134.27572223399
21.6160338297067
33.425871214565
32.5990708675043
60.6178571662087
35.8105492797501
23.3483030198908
36.2718522509145
8.63062729010797
7.86325716926398
59.540573836314
52.6802100050116
3.10006256219929
44.4462159024674
79.7760220551593
15.0464210491565
14.8023481210219
16.1439810616116
27.8030069761699
11.5250106924423
31.6606193823224
24.833846529654
27.4859390622019
14.2400492283114
31.2981146509042
68.8993650182287
45.0999337130879
55.8323022654369
6.4723532039311
33.225324583058
19.9490167741923
16.1814592906674
12.9534467188793
33.0866905705038
25.7971124365348
52.106673714166
72.501443248672
32.6806016639681
19.6399942338713
22.6958456692621
24.5798039208657
27.7701554164599
16.9674659395742
51.9127048765936
41.2999942083704
9.32223199496498
21.788004591595
8.41483974072387
50.720573965027
58.5038668971463
41.2782589830199
172.265538743093
10.4412498678204
114.446291521394
12.8839622372814
15.4190241525181
38.4160342289519
4.5312689072346
10.3848020229756
22.1764119487505
82.7632856913955
63.8375107254962
9.05614138978516
31.1268429160975
19.5770489191056
29.6373274854986
37.8869680565858
28.3924090898008
27.2484606952154
47.5011787621126
7.65846296633928
3.88812224459205
66.578839385489
36.2383618065256
14.8952799797584
18.2524742134311
6.15300563579438
36.0722234749864
29.5598727906046
11.010430594251
17.8998447783626
42.2127716328932
12.4779183517211
12.4069693549367
5.11001623115937
14.3583893075656
30.810268517051
135.175696868638
3.73572609895954
13.005298390821
6.82231212185313
15.2436314732897
80.0382085145351
39.018496936636
