0.166623221414593
0.252262228343098
0.377038731704678
0.296422565566024
0.15822299765368
0.22379512124209
0.193323223020217
0.191141812182809
0.108046193565524
0.0885288709611821
0.100741566508342
0.314034345378256
0.083949988935458
0.207012455336865
0.221770589121237
0.586132386907828
0.204786989211404
0.168817933057081
0.728303875169946
0.125630698437342
0.178421779842444
0.170632184239934
0.287264814928694
0.286198691847022
0.679139026991265
0.408484060616005
0.097095278456044
0.367141911806071
0.329315879473783
0.458623561165221
0.219595145121208
0.28238752369992
0.293314920071704
0.106978080692148
0.254753550291849
0.0779727928839392
0.188426149124406
0.221102796180245
0.470897890991021
0.252491064892558
0.10420837420145
0.131338809078453
0.656547930534802
0.137480082035631
0.048684658119212
0.161284774155997
0.182525788134119
0.193657779466041
0.1073818453534
0.150536601260288
0.0595051308840538
0.391961616517219
0.218869593957236
0.205703910424099
0.182931329320708
0.275158423410976
0.261738878781244
0.169945221755466
0.207589773723613
0.361502076373198
0.136468616173001
0.0927315575238867
0.313501250966792
0.277323162500935
0.334285404223249
0.122006217067946
0.448700978333535
0.156024315428727
0.139975746204381
0.136835842062419
0.777680503028777
0.0852823320788668
0.538467105242042
0.228761329443813
0.376716630417123
0.465158419155101
0.183248649006685
0.363943552586493
0.134801569624877
1.07082044638909
0.488395069445886
0.581956223371689
0.0749236807422722
0.152138714032194
0.106454113851242
0.13172550328001
0.11980108681746
0.118613482879159
0.279628537973123
0.0736680455577662
0.500832809591682
0.111367744811655
0.343288113651976
0.255681590931543
0.318276839074832
0.83028366746527
0.102968984321283
0.202756321911422
0.129241296703019
0.144589943495559
0.261239157895471
0.145511967155871
0.21041492977602
0.1537375644037
0.229684850098153
0.0595865099462675
0.0981539277292544
0.069153826657825
0.128503589519879
0.476559807148357
0.359826720925348
0.255248474110076
0.11675353269554
0.111688057562066
0.204610352681588
0.190583998252291
0.102658233110959
0.108615688223286
0.223292684730932
0.269025604756032
0.103234940869467
0.446570247605255
0.266665523413577
0.109922329809917
0.153664973297289
0.0966927468220284
0.0630292638074594
0.354373799870015
0.136491119013194
0.264199031960008
0.0811415264539285
0.146334302958737
0.280131213563295
0.0392858551027193
0.160193390122389
0.236966753630924
1.77338513967963
0.115077200381574
0.259405212009984
0.127816912998788
0.147550586736388
0.250583388044903
0.0887230883547623
0.509350809417908
0.434825066191116
0.236480001376235
0.352165428120312
0.261939643442448
0.0827372650305647
0.302358391092472
0.132860317904376
0.0533927379084432
0.230185950839777
0.454705211543747
0.0679829298026252
0.638743304045782
0.0581401790346024
0.228853163254509
0.137918545380007
0.337100400863825
0.153492224514571
0.446095732535951
0.247171933668704
0.132682232116152
0.10662576852286
0.171839797032642
0.128126383140711
0.0677113692760009
0.105187359732851
0.215861613931421
0.244045222973168
0.114719796222608
0.141117359157523
0.371313168710804
0.965744234177823
0.483805209802683
0.192509574117201
0.235745341130448
0.142584394955298
0.0659285217538963
0.0496459066419954
0.111856719206265
0.395286957444212
0.672028223114308
0.182254497431763
0.0967404473913065
0.667717566037192
0.11571919260889
0.239340635214938
0.169531079394341
0.404328907908691
0.118047724956644
0.403004755010447
0.14203658779628
0.105688078253272
0.148128461886809
0.622481405772057
0.241503239546748
0.396182198725487
0.0906967957432305
0.441851945899023
0.196575937315151
0.053308874415301
0.269901336105084
0.123799624872629
1.32401874887413
0.215962196965312
0.185769722762439
0.317345700981255
1.03117548093374
0.203832365106087
0.224450016753914
0.40809936247653
0.0875003000919822
0.141169844636533
0.205058061117313
0.472285844951281
0.088537701786562
0.27479561758014
1.02668351404889
0.103139232749628
0.314231988467108
0.179044196469662
0.284248704357205
0.113944791287861
0.531697342564156
0.0835084642897233
0.238046699438206
0.119494755386962
0.264095739178627
0.620680529163285
0.843903707048866
0.563073632508081
0.127735524847092
0.329155301400955
0.34695664249364
0.151086341968305
0.245435733255302
0.3568702890241
0.28878728115691
0.214238574590736
0.820780575554636
0.454378345545082
0.513294022128767
0.167616524898439
0.325990693311365
0.17590115581343
0.160768628860594
0.476747693401335
0.386150517385422
0.0912053018370606
0.0930139903711141
0.190626721888287
0.242117217579661
0.174503104816437
0.327917331679338
1.00717051566312
0.206377105068683
0.846093061074853
0.21276055257791
0.152527437192929
0.430546357963398
0.117844072638362
0.140537062047756
0.353218783308092
0.469661542011751
0.631931776987457
0.123154443264981
0.254145143600923
0.0937696181928439
0.340109852101623
0.402180635487704
0.14368483140196
0.197542567460564
0.251759322544961
0.155581650517922
0.368992708927932
0.282148595016491
0.282920135848863
0.117599534341801
0.266938243027662
0.12826124370417
0.31767439917302
0.300904602007504
0.078788470515316
0.164198590968357
0.339212080147123
0.08614024245337
0.150591533273539
0.0486234680205889
0.254843918391666
0.213185857612619
0.366760689235243
0.073735637141218
0.272180629557909
0.118312329088521
0.258746441996536
0.299288993694747
0.183196820507387
