0.153499454698966
0.296179395101087
0.400583237833791
0.488378624741222
0.13068005618298
0.208031443934868
0.182810256528505
0.221613214765517
0.173417304435018
0.0895985040727482
0.0996558687365192
0.234761144092991
0.0723872157824286
0.187804642035793
0.237103670025594
0.693355863964648
0.192175755076677
0.241425847696943
0.883730624419786
0.0633474202303136
0.214883328764938
0.167173584204706
0.239692907737739
0.226097765328817
0.390294422253165
0.408946936887778
0.0995903460735388
0.286699308073409
0.30314092603138
0.588803435813116
0.239739240016935
0.245853881726813
0.271807448120776
0.123981940968302
0.354200323543215
0.0868778761616053
0.179038159949577
0.371227583544605
0.502782794723342
0.278091041469369
0.0897934455672142
0.167106416288504
0.668336914744362
0.150226206717075
0.0593474970862213
0.126283475073293
0.148594188958334
0.165932135286316
0.0862940880702089
0.186862489974734
0.0387019861647671
0.359177408837237
0.23160091153048
0.156721138533891
0.13222183459286
0.252690355648122
0.255586796117682
0.168240417174404
0.187577565612275
0.382045145333781
0.141631934141756
0.0876843697938262
0.291135781545396
0.25869867031264
0.273218167813985
0.119155692829359
0.412269569870454
0.149129769920862
0.128633265688311
0.210623787653817
0.395751277415781
0.127486575410828
0.416870026582122
0.0697631893026304
0.286775822550446
0.401683228619504
0.150926464601381
0.313624567255496
0.125096624316462
1.08341234625478
0.49053510181948
0.518323097504675
0.0733090155166559
0.166787739970176
0.0703541751322509
0.100879258616507
0.117760986198494
0.11949220296009
0.235055837177154
0.0744978785965921
0.60659129722663
0.0677694930789547
0.252476307737371
0.308052084314635
0.223251148548041
0.837003214691671
0.109825182540325
0.22596202168226
0.143590693879378
0.150886139530107
0.232457220944461
0.15545021938847
0.224320410926936
0.178258972729173
0.174213793438979
0.0719606658796838
0.093937931015337
0.0488995551109006
0.106321713419792
0.471590984772613
0.323444000717116
0.246878593817654
0.127504328375472
0.12041850909652
0.250167388875405
0.140063881393163
0.112923906221118
0.0848966365004984
0.214750771029817
0.191549797762886
0.18546672686515
0.459954538730393
0.268909095946826
0.141860236014207
0.145178851826897
0.106045773031214
0.0520946670319339
0.354789554475271
0.0962935925502827
0.212634893062715
0.0887621191630632
0.137615014231125
0.14828935445143
0.0573669662932203
0.146907978455983
0.197690210060465
1.76732668083594
0.115520702717508
0.163877307106212
0.126847094899497
0.149798941616111
0.274481331253265
0.0705640897212799
0.509253044584782
0.28984196220468
0.206511584386692
0.376731503383445
0.243271271442272
0.0855988088144811
0.265438051122794
0.108727279314103
0.0421037476860897
0.230854849652572
0.3939245419367
0.0614687284535599
0.465946891097755
0.0276353280888804
0.237808069444549
0.107699931931644
0.402187880540207
0.251609735325479
0.435293972205843
0.24185091052859
0.171461757356862
0.108152304709821
0.168597640740522
0.124149586229268
0.0508464646932558
0.122604677128454
0.214688090562263
0.158728910096404
0.104248933763671
0.0750213454895067
0.356352235284642
0.954264385799171
0.452901201226444
0.162584545834989
0.223026763615932
0.131001059169106
0.0603244851991131
0.047111234993204
0.0747940793543089
0.379149524765376
0.646369181434163
0.175965977346935
0.119351867537264
0.651138402325266
0.102907175341569
0.240572245816002
0.165672809230616
0.404873392266954
0.139122078814896
0.632634641636949
0.1458090045932
0.0955616669945734
0.151429817200054
0.613377779340772
0.169742084262699
0.284313186264248
0.102396847644947
0.442642331668364
0.194453726908011
0.0547904180263003
0.348712717788685
0.164082082588468
1.33059725952592
0.224029017413544
0.258590520828405
0.281249046959636
1.02546863053267
0.189907571514667
0.220861082011149
0.365808357647712
0.0844959882102352
0.117932301515634
0.403488919471099
0.472395456975398
0.0723049026196318
0.255923879636751
1.00575266387718
0.111405742247293
0.165941598169354
0.227877208397171
0.245676431350892
0.0941155082230384
0.489715013760156
0.0850159225273525
0.189310278098677
0.118341392237368
0.248938894302782
0.467553102944664
0.876068938597934
0.470808209309549
0.0802266326618968
0.289931618954896
0.331878108638589
0.144310260042646
0.190332155690134
0.335216208923786
0.237748260726584
0.242255512760615
0.842934885531497
0.450053623602831
0.512396915440738
0.165230313065983
0.29481976987409
0.180556753309077
0.110513173163815
0.525176313698146
0.329271160929629
0.120050506174915
0.0850692754883582
0.128652963738194
0.172150789453088
0.207117822117303
0.300483880823619
0.964598651056161
0.173400464845311
0.773898909599825
0.194604060990307
0.140301433414851
0.336431724469556
0.142580556499348
0.142439876305151
0.310197784545438
0.387619354142495
0.563595372996496
0.0888086499480712
0.275370079117372
0.158532919730081
0.325920241552215
0.357600321127122
0.158695977641543
0.174076599472436
0.229066405077451
0.159891873798081
0.218866070263727
0.31009408684185
0.255301214564533
0.118693005755649
0.209099823190961
0.118496336067477
0.437330627582135
0.289172531159455
0.0625675845701838
0.117870053713957
0.371813675451753
0.0753653634298737
0.105991811992694
0.0494145766748222
0.177824154531844
0.175003986472154
0.541475110737915
0.0579114238793099
0.268177532346787
0.0846770253603891
0.190524345819441
0.293919340486897
0.190039588169272
