23.4035447164925
29.8802556422389
40.8099787578461
33.6297795229717
39.3012572190019
19.7287776330843
69.3359278785904
24.1550746132003
5.01961026569045
14.2379181393098
19.2057005349671
66.5415953119698
10.8453783473169
5.0013346306761
50.6888989139257
51.0264178842761
25.5171417019944
16.3948316053749
163.438991969684
52.101916614988
37.2929487378854
12.1099767295524
22.0090639344078
28.6653179586781
87.9513432940937
50.5356297525142
15.6923008293164
51.3413755960552
30.6165244954179
49.6232750616553
23.502934481677
54.2053547019909
19.2470672282838
24.6219794801147
62.325654887458
9.45395449630537
13.9468744846726
40.6237312587395
30.0665536074498
19.0957909950387
15.8514604315896
10.1085245491596
81.6060189963904
12.0454252877685
9.76727546664307
27.5297765874423
12.5811984808339
18.1199403765779
8.59647051115238
19.2093512943403
12.4925956043715
49.9806446774955
23.7648425729524
36.085972421587
52.3915485449111
39.2263710613491
64.3134445667122
24.7760296637352
11.1404039016085
12.4106398389809
26.5670117071059
21.6116249795446
29.2340845104499
66.1001312567119
19.9576194354409
4.80983255998975
44.6741266193644
20.404938244796
28.2531904200145
17.6331724965638
15.0725408331687
11.6402681210647
81.3139636588117
25.0598057238092
53.1234859580864
42.632630385324
22.6868062472434
43.7731943051134
32.5537758088732
65.0608083196102
108.860406243303
43.687246088089
15.2836943141944
23.1581435141054
22.5042790316084
6.04844098520023
7.07854458118687
31.0124446598611
24.3906314430884
20.602742910987
89.7127664288061
6.80257233709242
34.0214729560957
31.9845838402149
83.215693582598
49.3681000272434
23.4450096871941
13.8784812695658
24.824968061029
7.62939604535149
40.4236680979293
45.4725790632344
17.9429958952142
8.71427156083628
38.8336153983516
19.4797438651904
12.0458330217611
18.9362663316736
8.5191229654877
56.0003938034495
29.7705425086215
39.6833858501333
45.4190936302981
15.1023521853154
26.1246426469107
7.40892142120987
12.3168401066974
16.2307529497136
34.3733906673185
15.4035082415151
7.43649924561029
44.1539489597408
52.5074828980819
22.9430079388253
18.5193069345649
12.4370660751446
10.832246649936
41.8829264903582
6.80208698262985
72.557630142974
6.6557266934742
26.5936106033914
92.9839322580951
4.45002935899163
19.9036665569123
45.0280872861853
83.3277114909057
27.9401165856319
20.8196517516345
43.1502288304923
17.1892664452003
29.7920617311569
8.93871315989262
78.5385273454124
11.2488921813978
51.5477782895644
90.4575977780986
55.1005778379515
5.56661267957791
27.729157206142
42.8994400605777
5.0667226754148
36.5111546245798
26.9762714041514
9.71791755800979
176.579879055368
11.2075002163546
30.5363823065593
22.4307837335987
71.8828030744734
23.8251905420214
24.8207351872039
22.0460868476902
14.4819640030885
16.7145927613796
31.753070191187
15.3309851102657
7.06998200687774
8.70856467077095
16.115331187794
37.5261986800833
14.7033321313444
12.7687372158286
93.1399193500561
46.772159651708
65.3289061055204
14.2091049870096
30.8147380865962
39.1877642547358
25.4299163955372
5.08742346836785
5.85294490941205
35.6324699381907
172.54662664951
12.3254009714192
15.411829138349
110.974400240906
17.5895518524478
38.7320408738705
51.0517878331728
144.439658298677
28.0932289788647
79.48943416629
15.0292610629661
9.74605845139075
20.1789672960753
107.381538735895
14.4282151875449
38.5173641758308
11.1363265679717
43.2433570243008
30.9841155236629
5.81306504904792
27.4382911497796
34.1205771914215
121.676402862699
26.8679812053597
11.119669280041
39.7704585904136
71.6899456450061
43.1592917797705
32.6109231966612
37.050916497099
14.424218822185
11.7514359303869
23.6497547686427
51.4065943610507
2.63452735069784
86.6244784449216
91.4702607491733
15.5803957534561
27.7764095941711
10.6560174941808
34.5380285794384
23.3111595457087
41.1623606855883
23.3983264774901
19.2724091698019
14.1686548357435
44.4180014426443
112.001926636044
45.0647733253792
93.8561573198763
11.777521018481
36.3262397387288
25.7882717836898
18.1821443984648
24.2913035903459
34.1461394279368
34.7106259291438
67.2184581312958
80.0584364215234
39.8615126870729
14.0774814989099
29.131962222684
30.7245514120381
39.9933374728404
31.6992968840416
40.4763402771275
51.8149771584248
8.91238105205618
21.6343050310052
19.2503195103679
64.3539570759113
77.6930316919404
53.6866206107205
142.51396961148
13.846799433337
132.062007737465
15.6158914171914
28.5357595352483
57.8055104893531
4.75873571646924
12.0231185384887
46.0454167505627
71.3561984388287
89.7388381856513
4.98352982252038
35.7163385991055
18.9161427283157
31.5556202418929
61.3232504631443
40.8625433463311
30.3884329492276
67.7911748985115
10.9432179328403
16.2318797977837
87.5252188026449
41.9375828429338
17.4526112503269
32.0028540902007
6.41292497570239
49.5149662641078
29.2077349316249
34.7069109803628
35.2499778851321
72.7940858304577
20.4003292945895
29.0955968119577
5.44989741998989
23.9936485256172
21.5607019699107
121.679759138727
5.32078466552162
17.9343478604245
9.89994860540068
11.2706418464029
138.520835951731
42.7638929887938
