0.146606983974303
0.254733393402857
0.404191674088639
0.511970694207667
0.133014225274172
0.220745899392929
0.184776629794641
0.212906470650554
0.111407926710016
0.0902803901875023
0.0962357065716921
0.258108397351693
0.137140387893739
0.21072511327134
0.182327034484389
0.658007710836193
0.194155998037155
0.241285559130371
0.82359760938769
0.063763084659083
0.17110444188079
0.165497579276241
0.237240852100655
0.237109959703726
0.501625139560976
0.398650299823667
0.101355369406002
0.283895801693292
0.308180395927912
0.641539442860103
0.265511263241859
0.259315516207437
0.235702274888918
0.127831986166421
0.304499314381261
0.0859731138749227
0.17418579678923
0.178899138576074
0.528310835027764
0.285048958285904
0.0912862413007393
0.166509086362773
0.635063119533693
0.114422078909021
0.0613551827282286
0.12777251103908
0.139397957813042
0.164043239336626
0.0715174070309844
0.156320875393245
0.0486350106656557
0.347733313938387
0.232024866923764
0.219027133668398
0.150816119523794
0.259166953564587
0.257723440680845
0.167508131181452
0.209075919732152
0.410778809139447
0.141993516577577
0.0922714577368632
0.277718904371579
0.259300667357089
0.275960501859661
0.118550927839771
0.430862581067913
0.164540228810859
0.128196042168139
0.244294220785426
0.568233777244999
0.130557767674186
0.473890523478086
0.0655364709247875
0.32510533811364
0.376302645942062
0.148181343301776
0.319412334422146
0.123125391068041
1.0616065510235
0.488368632409522
0.417436688975724
0.0748840120155674
0.178169739063863
0.109459525844466
0.0797292457394434
0.114047124788647
0.119964978703884
0.227522839556324
0.0726635765366051
0.448600285730462
0.0693709841156074
0.306278041071878
0.272982032581038
0.24812018623973
0.833228369832671
0.0974781886987755
0.178078945779416
0.132437058804203
0.140549351065618
0.23621564046401
0.140630483976826
0.2121651459895
0.201610262034546
0.183611010499628
0.0772391787536448
0.100268178485536
0.049050964982992
0.107639515169727
0.480130870983908
0.335327784886003
0.247061660384826
0.126944446614444
0.114711937842578
0.219935930042692
0.119695887639784
0.114936719643126
0.0858074027694882
0.193415155608626
0.143648505122118
0.142988007382217
0.464111664406534
0.273526270032243
0.137675793499347
0.175113789604116
0.103485734235796
0.0416911371452463
0.355727459029956
0.112400475935816
0.213776604437787
0.108455126073003
0.156846871500144
0.140985945894003
0.0666271727382855
0.152460017793945
0.192922363659489
1.69855618337339
0.110921973856501
0.155939041466068
0.12784885245901
0.149937337755994
0.273627041856477
0.0728011095082577
0.50919283994539
0.368770595735654
0.209786162903932
0.370918134759584
0.236648596964258
0.118475061274333
0.273395432396728
0.106549447678418
0.0462414230457122
0.230783192085155
0.46909412188637
0.063431298049464
0.541040616074958
0.0545654339639774
0.234113351468932
0.132852601137345
0.300350550640453
0.190735478727185
0.436140258392203
0.236540509929615
0.207666362152344
0.107843318841314
0.174535824257307
0.112707032276667
0.0506444920065585
0.073721409559054
0.216419050663658
0.160461117102352
0.120161508662253
0.0760662986023448
0.323808227112112
0.955777781544641
0.462096943810438
0.17124888091452
0.256807517717173
0.116330877458711
0.0594221624587297
0.0495861513560853
0.0647824432675675
0.304819427275077
0.641240091016829
0.175836701670405
0.105068769411069
0.617109681588559
0.104283365814586
0.23605872908172
0.159797131964184
0.340576513663828
0.138115979193659
0.376744141757422
0.128794311323925
0.0944356742246622
0.157720920106294
0.63646265967014
0.174138392199369
0.36151242081005
0.0926233824704487
0.357919466321647
0.194318811943016
0.0584615506617969
0.329198346563063
0.12874398605536
1.33590711519504
0.212933394385494
0.169526873624034
0.275172354274644
1.02064347546458
0.188731677320648
0.221258804669631
0.379401166756748
0.08409030760682
0.118118656757361
0.170353134452921
0.432204949930796
0.0900494658896702
0.255473864372503
0.996884810591407
0.108210463213777
0.206955167474424
0.193506339403518
0.262070484541594
0.0940089799226271
0.488685100964602
0.0856443246474492
0.196755958014657
0.120406871699286
0.248214428478229
0.524828909306758
0.854980561206041
0.470832627297035
0.068192990410852
0.289118789403516
0.32936265999533
0.143165665071759
0.223297540469139
0.354205663774446
0.306988380635441
0.18517752910245
0.833072336321406
0.451583382616365
0.50992329529626
0.16502847261592
0.285333795946666
0.176836188745152
0.100353526057437
0.514166315637487
0.384338797046344
0.064968629295468
0.0808426065590627
0.178300808867737
0.183750309262284
0.145010256928932
0.325881270759465
0.95037217343339
0.12015270128487
0.802382207516489
0.24035907668872
0.135145763556742
0.347569084983288
0.145407063171172
0.145963477826847
0.331137871819206
0.43767636892389
0.568452322100569
0.0710359729803037
0.280707736044252
0.0748219922162908
0.322781558403524
0.452666382247006
0.146176840110411
0.176794404495508
0.221197399775625
0.176795737965584
0.656573257350149
0.264493424279695
0.27933272634706
0.118712262526153
0.208642305311226
0.100719961695424
0.303317930366827
0.281129346126158
0.0683147310346287
0.114561593693284
0.353250128730702
0.0662165707242117
0.119213267216544
0.0284103039755879
0.181156062389187
0.165683212509148
0.464006111544705
0.0609789503963244
0.265554047201757
0.187130936974092
0.167364172283244
0.302124029598805
0.201978213827228
