0.0315555519917277
0.061866058001184
0.503519046688448
0.539128226125913
0.542084339548667
0.545292934006852
0.693462277213507
0.353894412353805
0.595303985293954
0.577127464343986
0.712016048064847
0.66032629889052
0.150766972754858
0.218574036016447
0.149041002356741
0.184499612170102
0.225747529605803
0.509085991151818
0.135982165208214
0.13166575137898
0.0990558938613488
0.125059304028176
0.267757243354103
0.0796375631966309
0.225291629763285
0.228697792553922
0.0795331649499015
0.0956916416785686
0.051745654583733
0.0827123657453434
0.0408305102899426
0.241982844026666
0.162421858960802
0.145707552553201
0.14787798533138
0.0600765959137978
0.0434098965204044
0.084132325078412
0.0623108360762769
0.183593857411382
0.0973584165841567
0.24653636048241
0.0365283017720812
0.150858208506451
0.0787026065547286
0.358794238799889
0.167377612463874
0.151006886686752
0.149898096854814
0.102872497357144
0.0346226998796239
0.591764191337471
0.298290387711465
0.464384283537867
0.456176608898427
0.0621222108906272
0.992066243632363
0.102484517348711
0.11229912008569
0.144619376080149
0.108736690515437
0.179627300964539
0.0837436592100055
0.190946884007346
0.183540901234735
0.0922192732594892
0.100443678728567
0.0590626678153788
0.138285740299004
0.172481010220276
0.277298737727939
0.0799576397094879
0.118314813836079
0.071802573820869
0.0860137982761798
0.0400281847425977
0.0641359187878727
0.0627894361292004
0.153902421084964
0.043982132269464
0.168176453049633
0.186768530185563
0.237811998873257
0.227182259676878
0.133514655106172
0.351923213516775
0.16135578033036
0.173934782901898
0.352321501895585
0.197527724559744
0.0362942441987919
0.179458123681648
0.0849905468414369
0.174900632817746
0.227610091276888
0.172711487975779
0.105122681219152
0.174958656747805
0.219187874303703
0.657027680281019
0.375769592930107
0.306032155313524
0.332349709642577
0.232953041392961
0.0482273811222306
0.201007803158967
0.0745510054154783
0.237685542383945
0.280479916583263
0.243162520671937
0.843808111723956
0.237679597805725
0.392574603145518
0.307852099423072
0.331322089279679
0.69706994456702
0.314550633979098
0.82692879736485
0.523773279347879
0.616526024085755
0.613051195573716
0.47907434924753
0.381246857769065
0.212783672788419
0.294648797419642
1.30058814313767
0.326744281485546
0.358849571065552
0.272164513525991
0.287655748654319
1.03998701648302
0.274391971826994
0.086134673237874
0.337456120357723
0.277868089428808
0.74102173099979
0.192990525573989
0.339570164117644
0.379330198976872
0.297152052308226
1.07762818581695
0.330475595419717
0.156253028413436
0.361717700435957
0.189419244870776
1.18380468008661
0.172484939329736
0.414069143519334
0.138398367464503
0.131474760634199
0.609387239211343
0.29466819245448
0.31660291166265
0.281769161999517
0.211573638121919
1.12756121812642
0.230773722783242
0.239939431894006
0.068743998313682
0.0827867995313651
0.113924052173075
0.0423037680102631
0.0510137821419266
0.0713228071528394
0.0851115174101607
0.197747797950581
0.307118662664935
0.201741829210507
0.0267209288764337
0.105119563803364
0.0819344777266906
0.0605739989394166
0.0842251905596625
0.100240377582008
0.0887549049677284
0.317021004550258
0.0709791530531593
0.093301244129318
0.118187755241138
0.0551280565589704
0.0406592645005205
0.151651231948281
0.198588497385746
0.2826940567235
0.369544629427094
0.194063849768704
0.069887132110475
0.110642661778679
0.14361992920583
0.0643507747885832
0.16034000309867
0.127698036613017
0.129236733175688
0.317059679372731
0.20918167874671
0.179580511663747
0.0450180383874153
0.149164485883103
0.0938944606069729
0.12123671311096
0.186888063737976
0.244867353808664
0.346514470858305
0.441029492212373
0.152850285268898
0.209166061436268
0.172128710202369
0.16759056070626
0.142652588695251
0.158056024667572
0.212899954031003
0.194424446395046
0.111226704444758
0.13704249496791
0.278196305261134
0.104572707656869
0.105855939419946
0.0863083945666734
0.23715560041974
0.214201124138901
0.307373765515775
0.383729346976689
0.0801886173743885
0.171789962764824
0.112591081300317
0.241977429580698
0.132558227946714
0.208458979856924
0.178924666654341
0.0909113572029647
0.864089554146778
0.420695416241141
0.476136500262853
0.0827702754339846
0.240024493569696
0.572921325987432
0.197222342836184
0.100927315458544
0.189085101064404
0.104737320396563
0.287984013542147
0.276604178280949
0.543126000921794
0.20329173015074
0.240140575321085
0.0714279452401852
0.287671453738661
1.64198053499296
1.62362497220991
1.58204465101017
1.61495873446259
1.67070505717702
1.74306554176349
1.52403448827468
1.61579453661807
1.56308777429467
1.58308645219748
1.6552634125623
1.65483080803513
1.67264838223742
1.59637082942917
1.64215405008801
1.4351342372572
1.54938569220686
1.46033613445378
1.57943162357208
1.5893355538648
1.3852580360542
1.57774768174757
1.20219770814033
1.33932018306171
1.58911426974407
1.27640740837972
1.19125664680633
1.64161592869611
1.35561057562118
1.44114352891388
1.82995860856755
1.76905893253269
1.65509345994697
1.60769349977353
1.46024488197817
1.59808441938863
1.63812395794347
1.56778149386845
1.59034491876118
1.58533523507736
1.71812909497371
1.54424647774497
1.3807262670287
1.61821889788772
1.59692412850308
1.55750851690362
1.63032353398511
1.66440867113135
1.69883579663197
1.6745885896279
1.79686699760238
1.22880216650123
1.6672278500398
1.70353204025099
1.77034545913856
1.61637494806592
1.72822289914796
1.45082059988681
1.682197764826
1.7889252356989
1.75518327396178
1.56420419376278
1.72049329105781
1.81330673999847
1.6623371294194
1.69402507607474
1.6536244200222
1.64054720885124
1.6899958285163
1.53470476728241
1.63917545269003
1.46940834545673
1.61053047901584
1.53252868863054
1.46856741413799
1.5238694924403
1.55664170315807
1.41607189922884
1.48210321000899
0.287156018766109
0.286688829467952
0.204503442047689
0.255962520968963
0.269775615828726
0.0206981009635662
0.16799914578761
0.0808923854564405
0.160265755943206
0.057586956513313
0.0440094376786039
0.152900391424315
0.243271406124478
0.159358102384431
0.0595716949683042
0.18293922671251
0.341013242896753
0.358610233483582
0.262173467847734
0.230113003862872
0.233529332710122
0.256593262928608
0.5321957644509
0.266492243143077
0.0640995211483076
0.0209807745193092
0.171568934982353
0.101629245004364
0.172828440469114
0.0634845915638522
0.178986441210429
0.0643589902561877
0.085271013563579
0.0674335194421138
0.135953887341838
0.49679699178254
0.140448712477133
0.388470644302828
0.137542557630748
0.348567651786384
0.172238292245698
0.0808393613813315
0.102872001910974
0.226942452344635
0.116348497110563
0.0722773383253259
0.148864071918875
0.082616304452245
0.146007042581034
0.0228673248594872
0.368243444954413
0.137831528688679
0.149509655325614
0.431843238218681
0.175817804541788
0.4239183808498
0.191484059988777
0.116543705353062
0.374984627102678
0.356432526651471
0.184153094014315
0.0390234712906729
0.197761986777096
0.243415282878411
0.0994775727602185
0.0902989691396602
0.245238995990933
0.149476988660203
0.0962000973383055
0.0725647531156078
0.347181770559852
0.0450456977318441
0.156673963938598
0.256964510978925
0.262012577716664
0.241851489563428
0.162793896060477
0.227535465537487
0.0872961393214743
0.0935944607740638
0.151640776189855
0.24693058147913
0.168836610740634
0.303245491806397
0.109486521174992
0.200354367669439
0.187731584342097
0.145060187919509
0.133888026469494
0.143007853866788
0.163666331879801
0.156199138289528
0.150079940385813
0.142460278165914
0.0663612845868126
0.0809360071674265
0.0416375568026821
0.0975214833254624
0.154860491629688
0.0605422606297356
0.170810207203631
0.210932950238599
0.166545433178958
0.283134775371011
0.19114552182339
0.0759649159232189
0.217996549734032
0.131617594498889
0.0840760620426301
0.0797690786298691
0.308864439960238
0.30536718315187
0.330760945798632
0.205765379260825
0.303404810252445
0.169475531184713
0.214616233869736
0.132030018331798
0.230804208796208
0.187120912556018
0.0956068649739484
0.29537042120665
0.0777242502984308
0.399799419716505
0.138447410922126
0.0457606165131771
0.145770092954115
0.0735969198592054
0.172508865496662
0.0194968341414003
0.0947316150608228
0.0735845322985526
0.210657691698261
0.0730967739646014
0.040120793920751
0.156882121378157
0.265045329693516
0.141108268753154
0.0628571419443953
0.151393555006673
0.370343264594545
0.146864240868512
0.119229504871673
0.150457559272689
0.216821264960377
0.0862841643609936
0.205477578125524
0.0724022446318307
0.141991415930144
0.110880701452839
0.139636262631317
0.212958957053591
0.105885349455402
0.186525652991875
0.162627830705893
0.167791092064426
0.197548760247755
0.15009800553359
0.174815421852885
0.0586738871575892
0.0956232057377928
0.20742513054527
0.0452332826978655
0.0653079135804811
0.106051422287999
0.205052487221254
0.102530437576904
0.0668542728187318
0.423657972476657
0.164192864067116
0.0498273596380788
0.170780767645367
0.0470861988520521
0.22857806670018
0.0173418991387252
0.0808448229000367
0.21335121233398
0.14765347231918
0.0459943408129055
0.117330986728296
0.17392368239087
0.117269849492697
0.100553636120039
0.166926040705894
0.0503379411134429
0.111395156342217
0.145660494690972
0.092660625171621
0.132280390550539
0.117290417078206
0.159615872033763
0.150695026357385
