1209.0118
90347.475
462393.25
141598.75
88755.5
217069.75
278758.25
375976.25
325952.75
199416.25
298692.75
184620.25
302952.75
21425
31691.75
26525
67287
4886254.75
12343.145
21625.3325
11463.985
5529.5
613.25
165.25
2128
1956.75
600
385.75
894.75
265.25
115.5
5393
1526
1470.5
522.75
68.5
258.5
62.25
65.25
262.75
203.5
637
280.75
8200
2375
3249.25
1929.75
1010.5
5149.5
474923.75
5677.75
20600
12663
519926
60135.25
4939.25
2086964.5
52320.25
59224
90328.5
34565.75
45315.5
41003.25
37267
35765.25
18444.75
5634887
243302
36175.5
1471642.25
890376.25
267421.75
0.1844
0.114525
0.137875
0.0639750000000001
0.066625
0.0447
4537270.5
285164.75
854393
169846
5477580.25
433792.25
90985.5
1.7251
0.097475
0.1496
0.161475
0.130025
0.01865
1.0073
0.056
0.079975
0.324225
0.30335
0.52225
4
2032322.25
1041.935
22355.5625
0.7875
10193.3675
396275.5
4
13506.75
127036.5
247.4275
538.8375
145.0525
36.45
959.2725
183.67
223.43
93.395
16.5175
542.6525
582.695
336.6525
165.2325
12.945
778.69
628.6825
228.54
167.2025
188.2875
1252.265
189.415
104
56.68
35.605
361.67
47.2125
89.205
43.7225
23.515
218.4475
189.5675
202.7575
72.2175
20.9775
503.995
239.4325
205.6075
73.465
23.085
485.165
8373.8225
561.9225
559.69
327.0225
9335.5725
48.3525
73.4175
19.5775
14.995
133.2025
221575.75
46826.25
11983.25
30855
6740
4425
7026.75
6706.25
42916.5
72137
28298
11735.25
10234
55374.75
8486
35790.25
29609.5
454908
125167
37479.5
6324.5
16542.75
4601
1488
10170
6649
39190
37596.75
7648
12880.5
5046
48749.25
5828.25
35420.75
14781.75
339671
73628
6325.75
6091.75
1505.75
4200
1293.25
1126.5
1962
4937.25
9118.25
13649.25
12796.75
5683.5
38126.25
2952.5
11834.75
10336.25
205218.75
33454.25
4295.25
2520
11486.5
1598.5
1022.75
445.75
2690.5
2910.25
16186.75
9647.25
7266.25
1980.5
5267.25
3204
6353.25
8915.75
117120.25
10673.5
88925.75
12466.5
27056.5
2484
6842
11238
4709.75
4330.5
10065.25
4334.5
23909.25
3692
36768
3828.75
17192.5
4958.75
254538.5
8300
161500
6200
13450
724150
23875
34350
12600
7275
31050
10800
1033575
11450
57300
47900
24625
16675
7100
14450
333700
16075
529025
9750
33950
80750
6900
7375
19450
45075
202925
13550
9650
23750
16300
16650
29375
109450
10975
231475
127275
70900
149475
167300
95975
10825
873175
177250
148125
83375
25900
35525
2350
472450
75850
4675
7925
21725
11400
121600
6875
7450
71375
8700
6025
350025
17850
468200
8300
45125
18500
71875
19250
3901550
3679.5
10337.75
4157.25
507.25
4499.75
23181.5
83174.75
75178.25
27268.75
15992.5
201614.25
2760
6418
1617.75
3340
12237.25
1067
1803.25
542.5
514
2500.75
1366.25
608.25
291.75
1074.25
3229.5
712.25
191.5
105.75
166.75
291.25
3540
8987
2368.25
4907.5
17324.75
23177.75
817.75
583.75
823.25
21767
10113
850.75
470.5
678.25
11359.5
2664.5
569.5
234.75
492.75
3145
5464.5
3001.5
265.75
1669.25
2547
14351.75
1525
2837.25
6748.25
14719.25
97705.5
9739.75
3458.75
15782
126276.5
3587.5
180.25
905.5
660.75
3162.5
1165.5
1232
214
254.5
1618.5
4420.5
127
190.75
1290
5734.75
1014.5
284
147.5
99.5
726.5
1218
1221.5
212
833
1885.5
615.75
707.25
149.75
459.25
1616.5
10112.25
3535.5
1543.5
2446
7479.25
27473.75
3378.5
4167
9834.25
31789
24196.5
21635
1720.5
2998.5
50544.75
1443.25
930.75
248.25
226.75
2225
3468.75
1196.25
137.25
187.75
4990
29108.5
23762
1689
3269.5
57765.5
3786.5
1986.75
201.25
1637.5
7342
805.75
919.5
75.25
198.75
517.75
950
210.25
273.25
58.25
601.25
3905.5
1750.5
568
298.75
6097.25
2085.25
411.5
210.75
441.5
2830.5
8470.5
5152
732.5
2079.75
16359.25
37579
28914
2421.5
5349.25
74124.75
727
1885.25
203
196.5
984.75
2845.5
6766.25
311.75
1293.5
9497.5
5010
2200
367.5
11625.75
13573.5
2891.5
10851.5
649.75
10401.5
3254.75
91497.5
126610.75
34963.25
8713.25
258183.5
253
206
149
249.5
75.75
167
252.75
165.5
195.25
160.75
201.75
212.75
