1436.54071924197
99830.9393003034
466774.543832727
148376.163224589
91816.3753858755
228088.164357009
290408.178686052
384496.896873369
348358.704312451
215019.253890785
305036.770514228
187225.71961205
308891.603472399
25905.6461027321
35637.8531585448
32808.3449750212
72626.7775720498
5256791.69590547
13186.1122074818
23462.4150574802
15015.0824082903
5764.75377146761
669.331569552789
190.496062951443
2196.13433104626
2252.74260624688
602.101735589593
432.069149558262
1153.08206559637
308.551049260896
122.676403599062
5859.86002392549
1727.10465809111
1652.04948473101
564.199654377774
69.6598880274724
304.67851909841
64.3525446272329
73.4523655167075
325.105752025399
254.900961159428
843.654253826768
314.352906778353
10795.1377943961
2583.1182706179
4133.60269619614
2516.38147942636
1110.7929600065
5272.13396074113
493838.336771002
6000.12206125842
21595.2292416635
14238.2196218488
561860.050360853
75689.5935201795
5528.3782205996
2338291.32573831
57663.3310974141
71610.7120757782
108670.781664162
38934.0960309855
47317.4315765342
58043.797650998
41898.5549213812
40435.4397434973
19165.3801097187
6824364.96544616
290331.811622495
39395.3051327185
1496379.20969277
937859.490031289
290698.781265505
0.192687311466012
0.140812685863171
0.151731679289461
0.08178791169849
0.0737548811943996
0.0475557567493148
5680522.7812032
376737.8298177
877200.907846372
201323.975371787
6666075.49869233
542876.536769872
112262.928409159
1.75696147510411
0.097624932778466
0.197068452574226
0.176053819896076
0.130300968914279
0.021432335383714
1.43273661396643
0.0729329143802714
0.0935525387148847
0.339536121053416
0.354790283125116
0.60693878604024
4.67886503331737
2292899.60167366
1121.00088463391
24250.4718402957
0.810478253872366
11064.3483008027
563562.087276548
5.70087712549569
15554.9934828016
141691.652476425
285.296456295903
575.031217087386
148.111297931657
37.3329472450274
987.443375680347
201.294813519872
260.964694067991
105.400482446714
16.8220056770886
590.056158195981
683.425623056379
361.809204657648
197.973267197872
15.9117959388625
900.093641711794
642.517005553161
297.761795484243
193.6016277695
188.966740525945
1344.0530345563
232.103739198661
131.059431366079
70.0430506902719
36.1767363094019
456.537508042877
82.7204840109147
103.55784808502
51.0125418402181
24.0808232832684
263.434372330188
203.739611330247
227.566474958417
78.0624796236963
21.1353489443633
544.908489886146
279.538809336021
246.714103822623
88.1307951286042
24.0359324761907
598.552036960864
8501.24566551132
683.421887690905
659.834694412169
355.172030043189
9613.78223081972
49.4676053089292
81.3330982749335
21.6788358774174
15.0701045119136
154.405587738916
244095.091936012
56502.3911064833
13680.9584368201
31408.3937507157
7040.2560322761
4898.52891182649
8519.79572818504
7203.91225307471
48870.0322334659
82140.4635761206
36695.7720112277
13775.1186474019
11816.0505457619
60836.1165160137
9489.85987778534
43613.4586767663
38371.9129377205
515171.749640351
135870.453355393
43201.063164001
7131.5520751096
19092.3838414694
6301.58975973524
2226.40955351885
13403.9681997534
6794.65087403319
44027.7131929425
42902.7837587493
9649.6634397268
15955.1924620169
6304.82462087567
54964.6466217149
7688.28682152272
42745.1551786866
18741.2312629133
393896.839357083
77810.4232831309
6343.08357583281
7260.51346324762
1835.3877655689
4403.33084153349
1435.74536391381
1185.95741913443
2142.08694968248
5123.51454082059
10925.6770613999
15800.4851428682
14356.525998653
6460.49862626717
39799.2312457163
3151.2189704938
13397.47486469
11734.2438081881
219500.856195938
37920.4847180254
4851.18565404376
2898.45553700587
14278.0068987236
1926.89153820343
1246.23623362507
595.032562134208
2938.20072493354
3045.70086351237
19159.2873366939
11598.831956279
9590.73509956354
2359.49634456169
6537.09899343738
3673.97489104104
8039.48218170797
12063.4295807618
139865.956915005
13383.926871438
89465.3548517525
12522.7010265358
27255.1819384865
2732.44615683457
7183.47384626686
11463.1888015508
5046.35588816326
4906.46068974368
10174.9995454545
4437.80069403753
27031.9020557193
3915.1849892438
40031.9225431405
5039.4524752199
20943.0749294367
6082.24582288483
260909.122831111
8327.06430862642
163062.39603293
6284.50475375745
13466.8110553315
728353.74303974
24382.0118119896
34621.5973057281
13173.6479382136
7360.87630652764
31433.5807696164
10921.767256264
1039403.28674678
11563.952611456
57940.2709693353
49166.8079094016
24787.1438451468
16793.5255381352
7140.02801114954
14563.4817265653
335993.162132803
16270.9096242343
533394.818591257
10046.6412297842
34435.0838535352
81849.4043961225
7036.68956257131
7383.59668454338
19578.6873921619
45690.8360615124
205395.088792308
13852.25613393
9907.32052575266
24193.4908601467
16725.28026671
17627.3934545071
30181.9068317428
111257.606481535
11437.7663903404
241440.43261227
129896.044974433
71615.4662066791
152959.888532909
176763.613337135
97877.7681600883
11099.6621570208
889272.827933025
185136.895296427
151483.901784975
83933.0536797036
26000.2884599383
35602.2822302166
2444.38131231606
482731.307250731
78315.9306910159
4701.3295991666
8125.42306590863
21784.9145052259
11591.3761046737
123829.035367316
6926.9401614277
7605.59004943075
71983.4529596907
8747.85688040219
6118.21052269371
354544.845541435
17926.2377536392
473642.470646373
8348.95203004545
45391.9321025224
18930.2667704393
72509.3269862574
20109.9477871028
3947368.17069297
3736.193450559
10800.2986185568
4334.20733814154
516.465148872603
4513.17856393917
23791.1402311869
88541.560336093
80545.6396352403
29867.4776680255
17599.4111691272
216186.204585885
3003.17690121644
6982.08153060389
1900.15190182259
3355.63503677024
13316.1413799193
1170.85161314319
2253.71443399558
580.092665011376
529.371797510974
3419.5356044352
1731.89123503758
682.924044092753
329.645643077533
1578.65646991358
4130.98105781181
737.104300625088
205.383787091387
120.533190449768
191.300156821682
334.638237504323
4735.37305816553
9989.69201226945
2835.28750746728
5200.11240263131
20173.4688080657
24873.4733250103
1052.96260617365
682.754897455888
848.782215883439
24072.0393402803
10141.0830535994
901.259535317103
477.457327936225
753.081834862586
11434.6523996141
2825.58825733687
641.527084385375
249.337622512127
565.090037073739
3386.57016758844
5754.38593596224
3597.51254341107
297.226765281998
1892.29721502728
2715.57793112258
17050.2199619242
1739.42375515571
3109.51165780095
6789.83569388833
16972.1062408294
105003.138631662
11774.080717831
3625.85848455231
16191.6864316229
135429.774479248
4492.75477852954
237.938542485239
995.006281387208
774.137100260671
3734.96030768735
1685.35916053523
1326.50612512721
253.785342366339
351.378001588033
1705.5824518328
4510.27133330136
145.688022843335
199.859325526731
1307.20178243453
5803.61449874128
1244.50813577092
307.173403796618
173.425776630811
111.186779789685
861.03368110661
1334.86553629944
1290.8677314117
261.364687744921
958.592457721215
2112.18382249273
644.997480615235
859.711724940401
157.363432855286
580.142439406048
1934.32869492235
10962.1092974847
3623.17836988465
1847.11085211473
2939.98341832059
7753.98937644359
29585.7623317365
4092.30185836773
4508.1390284684
10735.2714101694
35024.6787851081
25652.8156154446
22702.112357664
2101.53455836443
3132.55127651568
52852.6196063166
1459.11848387991
987.621005244421
299.788675569975
282.267160682925
2305.13817373276
3792.5562289833
1317.9170118031
156.606992181064
244.16439134321
5488.44718476911
30753.3016276302
24969.2832496249
2129.56979223504
3469.66179908071
60565.4303006261
3878.81844122666
2144.04261851298
229.99619562071
1825.60140775581
7762.10863747732
965.779866222112
963.40360182013
115.048902645788
213.648660187702
748.258478067573
1055.40466172933
222.497752797641
341.735643443876
61.0348261241072
661.088307263107
4421.01871744511
1941.6444061671
718.910634223754
316.020964494446
6935.58723180669
2244.98234959654
536.872889984212
217.897338212287
486.838268832679
3123.61377253975
9198.9717631918
5505.10281466205
945.878956315236
2575.87980115533
17770.8539116723
39098.2480106206
30456.9906097106
3038.54266055292
5941.30471782083
77861.3700929415
745.907165805504
2030.98369023486
235.738202249869
209.581726302653
1403.79565820671
3511.06785750432
7349.20405554234
357.309039908033
1411.08061428113
11383.909982954
5269.47117840111
2304.83437582834
512.419261933039
14195.3626670825
16743.9066080769
2965.54185605262
11593.9554510098
832.883395200072
12534.3804194703
5125.63652144785
102961.936187603
134532.523380965
40082.3651528949
11484.600134528
283796.275459175
316.934535827196
219.400319051728
156.933106768457
283.54629251676
94.4391338376205
188.900767600346
288.701835809889
219.12439389534
227.20530363528
192.014973374474
259.407497964111
236.662734709121
