0.031555510790519
0.0618660558813181
0.503519019241034
0.539128122743162
0.542084173228225
0.54529286498007
0.693462190129352
0.353894395676284
0.595303930241418
0.577127379676988
0.712015962765933
0.660326180463238
0.15076696900251
0.218573921361608
0.149040966954087
0.184499547537161
0.225747491044192
0.509085988481911
0.135982089794021
0.131665711027597
0.0990558507498775
0.125059161876978
0.267751382369491
0.0796356435609935
0.225290436323228
0.228696452401103
0.0795326378205825
0.0956904539765241
0.0517455049311367
0.0827110732977286
0.0408297882559931
0.24198230012578
0.16242099381697
0.145706829667181
0.147875891691019
0.0600739590566849
0.0434095318759218
0.0841266280464161
0.0623078605145664
0.183587424391151
0.0973560860605911
0.24653154019366
0.0365280640088581
0.1508580686945
0.0787024758540028
0.358792242623757
0.167376880205429
0.151005749687983
0.149897877467212
0.102872496239833
0.0346226893229527
0.591763335401723
0.298290034867677
0.464384262668773
0.456176419899777
0.0621221717780663
0.992066218429841
0.102484507288469
0.112299109431693
0.144619364488344
0.108736673347929
0.17962726534567
0.0837436506269874
0.190946834970178
0.183540854030537
0.0922192501635937
0.100443678638987
0.0590626670983198
0.138285713856073
0.172481009209249
0.277298733401931
0.0799576385137904
0.114636197858056
0.0696150171304418
0.0834107798743563
0.0388137282689841
0.0611898783775506
0.0586670515678765
0.153902420823482
0.0439821319302078
0.168176451393854
0.186768519888856
0.237811998355342
0.227182253713162
0.133514645276709
0.348366290060522
0.14902137393992
0.164351030585554
0.317498622576433
0.183582696941468
0.0330752014536894
0.177863849888959
0.078991179485635
0.157636923186873
0.219884875592397
0.167925402119413
0.104069718770369
0.174576207055132
0.219187873117609
0.657006595847764
0.375769275158139
0.300190874320279
0.332349165352555
0.232953034444576
0.0481983047940956
0.201007652661344
0.074551003227677
0.237674090803757
0.280472469929006
0.243141779155667
0.842822145008183
0.237676623989697
0.392532273260951
0.307830106444068
0.331262379151867
0.695593924524691
0.314541335111762
0.826867471174406
0.523730248953635
0.616404426389988
0.611409795017142
0.47905919262954
0.38123527543391
0.212773701810155
0.294622657565926
1.30013773154674
0.326740000044511
0.358814491971892
0.272127513509098
0.287579928861509
1.03845859047001
0.274381211231975
0.0861268007107019
0.337388758820129
0.277778031326625
0.739848955451488
0.192981846927652
0.339539134625724
0.379293156971344
0.297089005800367
1.07485317837452
0.330464434392072
0.156247880991105
0.361685604090019
0.189394542923237
1.18025837415624
0.172481829485177
0.414068118311008
0.138396660554209
0.131473214437688
0.609330233371392
0.294667726756481
0.31649753090342
0.281713587393713
0.211457233535185
1.12332166476601
0.230753228918144
0.239939418886624
0.0687439932662679
0.0827867708900045
0.113924031139513
0.0423037547268117
0.0510137527343636
0.0713227708493766
0.0851114633909281
0.197747752284671
0.307118596886598
0.201741756984822
0.0267209258334853
0.105119509752929
0.0819344716629959
0.0605739773166138
0.0842251806465025
0.100240360597472
0.0887549041015482
0.317020964310586
0.0709791463289421
0.093301175063722
0.118187712975827
0.0551280234892792
0.0406592088926206
0.15165111846268
0.198588200715674
0.282693954309692
0.369544446020976
0.19406360279424
0.0698871131315182
0.110642540335011
0.143619908024481
0.0643507392562215
0.160339966742824
0.127697981380775
0.129236730715662
0.317059610975857
0.209181332863015
0.179580246673434
0.0450179710747605
0.14916422087377
0.0938941195927622
0.121236060474539
0.186887172267522
0.244866746043397
0.346513806213073
0.441028768652469
0.152850193893707
0.209165676012334
0.172128671323464
0.167590084697302
0.142652502666237
0.158055903640903
0.21289994297504
0.194424389838094
0.1112265602962
0.13704212071647
0.278195965689428
0.104572364907551
0.1058553908514
0.0863075585694924
0.23715455285032
0.214200334921424
0.307373472840866
0.383728574036649
0.0801885730949117
0.171789216338988
0.112590960817888
0.241976513435308
0.1325580893943
0.208458735028672
0.178924652958595
0.0909113184509324
0.864089133464878
0.420694706132001
0.476136080948985
0.082770137508704
0.240024072028307
0.572919861552585
0.197221929583512
0.10092719783026
0.189084922288728
0.10473719363789
0.287983839490894
0.276603140186895
0.543125596157622
0.203291189016752
0.240140407175146
0.0714278937757357
0.28767143746822
1.64196422152429
1.62362414481042
1.58202409561522
1.61494902262507
1.67070486274244
1.74305898214298
1.52403107620868
1.61578357505115
1.56307075579912
1.58308234782309
1.65525050103404
1.65483067445729
1.67263597892931
1.59636857075719
1.64215113355399
1.43513002655463
1.54937843517396
1.46032101975126
1.57942290629013
1.58933517184997
1.38525199221578
1.57774744389403
1.20219012005206
1.33931750536218
1.58911267746204
1.27639539707074
1.19124701797547
1.64160893851182
1.35560851013909
1.44114301027986
1.82994570373888
1.76904200629885
1.65508754401311
1.60768527875065
1.46023802780514
1.59807988985136
1.63812270003731
1.56776962028587
1.59034433943301
1.58533421771159
1.71812697773083
1.54424565578143
1.38072566377486
1.61821749260799
1.5969118945646
1.55750837430948
1.63032272754559
1.66440770246553
1.69883404794356
1.67458314622001
1.79686243697308
1.22876900450816
1.66722754559402
1.70353002405504
1.77031162341199
1.61635787298561
1.72821599650618
1.45081119114321
1.68219656782127
1.78890167116098
1.75516189065343
1.56420246065995
1.72047613928881
1.8132786303262
1.66233672683696
1.69401698676421
1.65362412290261
1.64053086031825
1.68999263831968
1.53469821574697
1.63917356166147
1.46940241019951
1.61053044521027
1.53249621779534
1.46855644808247
1.52384016227742
1.55639712888635
1.41604955246458
1.48209833535889
0.287155969118908
0.28668877471207
0.204503365283628
0.255962315645814
0.269775597752407
0.0206980932013363
0.167998925728489
0.0808921831056044
0.160265371412757
0.0575869429613167
0.0440093468524
0.152899742254477
0.243265941462087
0.159355631196042
0.0595716239655472
0.182937991865971
0.341003654788254
0.358588086040551
0.262170190086414
0.230112175984313
0.233525499688174
0.256576030881306
0.532054784165472
0.2664708345086
0.0640988157750075
0.0209807682999739
0.171568771048618
0.101629026861184
0.172828135834486
0.0634845799279153
0.178986372013768
0.0643587365860611
0.0852703904961445
0.0674332429895751
0.135953844844618
0.496795771120166
0.140447552548797
0.388454586439435
0.137541151821757
0.348567116767855
0.172237735096441
0.0808387859857061
0.102869743920671
0.226937208122703
0.116348281746105
0.0722772905205529
0.148863701537261
0.0826150198457807
0.146006399105966
0.0228673145940021
0.368242965465528
0.137830905487321
0.149509258948751
0.43184185572066
0.175817698588324
0.423918288618617
0.191483871455575
0.116543508933124
0.374984181005891
0.356432476237676
0.184152620452916
0.0390230487782402
0.197759823877021
0.243410776657813
0.0994774161978756
0.0902986186922352
0.245236550863882
0.149471736452295
0.0961982737590221
0.0725645901588379
0.347180405536783
0.0450448985606158
0.156667476609268
0.25696195036283
0.262011978952029
0.241848593432161
0.162789226022563
0.227517839956651
0.0872922981960465
0.0935938572721223
0.151639827993561
0.246928082272185
0.168829819341873
0.303239949311315
0.109486201721157
0.200351105412019
0.187729083692606
0.145053159922444
0.133886055366705
0.143007220044461
0.163666199283689
0.156198793167185
0.150079209841163
0.142459862792221
0.066361255144609
0.0809359952435204
0.0416375311359893
0.0975213690221552
0.15486036960937
0.0605422548634054
0.170810146851932
0.210932847324048
0.16654462535379
0.283133436547721
0.191145485654333
0.0759647159974073
0.217993992457526
0.131614100319713
0.0840744972666653
0.0797689356232114
0.308863059331642
0.30536327317231
0.330720763920284
0.205754071233456
0.303403884292194
0.169475481803778
0.214616136860164
0.132029501700285
0.230803392991791
0.187120882226681
0.0956067442616217
0.29536822075474
0.0777227457406117
0.399794503421617
0.138447280329697
0.0457604865204446
0.145768936808285
0.0735933150316563
0.172501296759797
0.0194967974270322
0.0947311423244872
0.0735832444312554
0.210649496366208
0.0730921802627208
0.0401206600101642
0.156881805751113
0.265043320638076
0.141106511643901
0.0628564800100266
0.151393366836109
0.370339954913388
0.146861604230917
0.119226118138727
0.150454992936854
0.216820432101917
0.0862841203962611
0.205477168026991
0.0724018865272315
0.141990930427329
0.110880663856202
0.139636236678291
0.212958878557118
0.10588511776576
0.186525327314762
0.162627812856147
0.167789155081482
0.197547723811887
0.150092452657955
0.174807561333132
0.0586737122853193
0.0956230449608256
0.207424812058141
0.0452329542814336
0.0653077484444089
0.106051363019468
0.205052067227121
0.102530198619668
0.0668536639992934
0.423657195338672
0.164192764626118
0.0498273167045734
0.170780633145634
0.0470860280380186
0.22857781511786
0.0173418945182991
0.0808448193281778
0.213351194342528
0.14765344112363
0.0459943286704271
0.117330984061536
0.173917675634408
0.117266510680833
0.100550232511811
0.166920444958011
0.0503362682922766
0.111391432686511
0.145656293138655
0.0926580297950398
0.132275894612019
0.117286109014595
0.159609533383065
0.150689641087391
