0.802060978064344
1.06340796951386
8.08308209296146
10.2197026925594
5.62042478279592
8.27677553505315
13.4005933743338
2.02686948741581
9.35340477896269
7.91548964997122
11.5934452296363
7.11939881227827
2.58403106893502
2.16203553537319
1.71611217584866
4.51132843345684
3.81182411721742
12.6500989422454
1.54664264593328
2.68935525253707
1.21474949302037
2.09175224680369
5.88305832693784
2.4459739490823
6.70700958144226
7.19076142878142
2.46669955599408
2.94465648854962
1.00339792760059
2.10716555449635
0.626258714175058
5.3906281236256
4.38884095484613
3.44110764430577
3.87566725978648
0.920698924731183
0.691842415158977
1.60595823095823
0.768508132361189
3.3789866255144
2.41686460807601
3.70348837209302
0.732664346961601
4.30620076752171
0.948031012512474
4.99150080149613
2.03616157445637
2.27012111740574
2.38469979462812
1.47607366634758
0.0574839780907351
0.802847640823114
4.16135392704568
3.85321128114042
9.31920086783584
0.596371722375385
11.6572829001266
1.13251764457217
1.35529067156387
1.91644709885392
1.79970777836714
1.81318662081901
1.78180099729492
3.66107522656384
2.84783517467901
1.58019693830016
2.06532017583154
1.06476588772841
1.54037848928962
2.97503566732741
6.54727734876236
1.26630239626107
1.30099656054326
1.56919387988125
1.43377096061355
0.838283468006116
1.11003123915307
0.274310261065228
1.83243544503173
0.916791380066967
3.05576166961929
3.43625365011498
1.39379122920577
3.27057971269452
0.730939326384286
5.24253551801859
1.01943524490152
1.58832116788321
3.30721966205837
3.6273393002441
0.231095690963725
2.06450951758768
0.624245239201115
1.48825308211212
2.73175355450237
2.54346003353829
1.64628620214093
4.29318903447967
3.26567818852159
9.43202643304734
5.61366873505556
2.71551724137931
4.91177979944971
5.45021744452483
0.885245901639344
5.11501683865994
1.6991430754267
1.14675311751972
1.5297836648057
1.40401094333607
1.26751488125678
1.94664539887553
2.405724632098
1.89047770732339
2.56430486465534
1.65525524640415
2.9156976744186
5.64205648996702
3.67668589673581
6.83210706815197
1.5942118226601
3.87824499828613
0.545468963560216
0.353450738436738
0.954025447905968
1.85318050763067
0.647489956205436
1.30985998568128
1.29110466857022
1.83154973483624
2.07481232646625
1.36631496139983
0.25901922121175
1.17249764183767
1.88068038054754
2.52179535705274
0.779948438993143
2.26031737681922
1.89445082606927
1.87343206372459
2.2324871666458
2.28914808006754
0.224003532015147
0.571943131762042
0.335097491541432
0.521279139270771
0.284057971513629
5.01482884635731
2.01608047290622
1.38701923076923
1.8617612453902
5.29388548852342
0.838451298999357
0.698545091257115
0.673188171281782
2.4508701086434
0.480862176240622
4.97717153204209
1.25839554931377
1.79830672862082
2.8009824292429
0.77633206774455
0.486317177711836
0.709854207324073
1.12738856477532
1.80430665624528
7.41591861720272
4.80812480691999
0.490749990707011
2.1969302225735
2.28847198795089
1.39110530949273
1.57533812172382
1.85294678185082
2.09443742204438
4.26423088418161
0.844416429759379
1.2701306288625
1.58704212454212
0.579962413769395
0.188621408898671
1.19773878224002
1.35644803827929
2.09913033316128
9.85075506752733
3.49637387527793
0.730510842777153
1.84638413944515
3.42424402065114
1.0128400581377
2.93441169160786
2.13604894806329
2.1688557144043
5.50847278947422
4.78218961547713
3.2758549045489
1.04233661621724
2.69293541618093
1.10272857641177
1.32536499278036
3.19496669133975
3.62221962850569
9.43385534236268
7.60153659215756
2.32481812101043
4.00297733384556
4.33918511352643
2.20717659451561
2.72410491954215
2.78567578493464
5.10771619603584
5.63811198185983
1.66105046669831
1.94430805919899
5.59721360857624
1.716133125122
1.06834908124021
0.738830708958035
3.41473404869043
1.79433607981615
7.73392333586709
7.11639954399142
1.30564131464602
2.45456593994705
1.93775187705891
3.66247531954692
1.62846906675987
3.55473096649088
3.96175389772133
1.18891673628516
9.15966242947773
7.08525149190111
7.23031606053981
1.51191036104579
3.24587053090094
7.50678609382116
3.33487286771806
1.36852160422891
2.93253211495166
2.31780175975888
4.35501858736059
3.56997187060478
8.30949396996281
3.49338503649635
3.37420603768199
1.13065626101196
5.18669557710975
4.08196721311475
7.07557502738226
5.85826771653543
4.4958217270195
10.5152468538238
5.8829568788501
8.16237623762376
10.6478873239437
9.18947368421053
6.13838550247117
7.28089887640449
11.137661637931
6.87
8.38536585365854
9.0377358490566
7.01900237529691
5.4672131147541
4.58064516129032
6.66923076923077
8.53998720409469
8.4235807860262
8.86262739075806
4.3141592920354
6.21036585365854
8.99721448467966
6.624
3.40384615384615
6.1421052631579
7.60759493670886
8.20451482479784
7.25892857142857
7.47096774193548
7.78688524590164
5.70262390670554
11.2361963190184
11.2261146496815
10.626213592233
7.0427807486631
5.3998833592535
8.30054347826087
8.43211100099108
8.22043996333639
8.53571428571429
8.50590841949778
5.98617511520737
8.39860532221866
8.83672621520565
7.65503875968992
10.1367781155015
7.73134328358209
6.72397476340694
5.5
10.0932882321524
12.7478991596639
5.39423076923077
7.54761904761905
8.0462962962963
8.71337579617834
12.3451776649746
5.35714285714286
8.35514018691589
7.52636203866432
10.7628865979381
7.37755102040816
6.89817704056495
9.47787610619469
7.58218623481781
4.85853658536585
6.66051660516605
6.51026392961877
7.56578947368421
3.35268505079826
10.4268406752483
3.88739090491502
9.22333100585748
13.1053659539474
4.23629266521423
6.99994927291173
8.23359225399963
5.92023663546685
8.80565153733528
5.83901909637733
4.60933303638102
8.23249799083487
0.25593471810089
4.65225700164745
1.3787820090652
1.84901862103674
0.963552646177743
0.599269868014603
3.94505767700875
2.0706106870229
0.854207584227225
1.03439750314927
2.55113732812765
6.81686194600102
3.5618756936737
3.35036858519989
3.73293752955393
2.56163151871833
2.99431414356788
2.21571428571429
1.54593341761483
0.77041000360707
0.287288904628052
4.93249176728869
1.84907903609327
2.08543393019258
1.14627166865158
2.90381833712984
1.50813144437924
1.33303923603903
1.05840930341281
2.46480170882981
2.63421738100876
2.13756281407035
2.79077918576436
1.16039349871685
2.56416859904373
2.15629942983263
1.4030235162374
1.42784075200442
1.29500657030223
1.78716259847604
0.437645388521815
2.39779948436762
1.00489859058096
1.52001241721854
0.170200228415911
9.71921750908083
3.13962193524237
3.3499436483658
7.23743479744552
4.01975595223317
4.11366385216599
3.44094456577595
2.43847139881429
4.95248691286177
4.09081846320582
2.08890241643067
0.811438510333538
4.40048597305059
2.41791417165669
1.60086054163503
0.997471407453513
3.29331713244228
2.11690647482014
1.0343617217809
0.993803901867203
1.77604689811348
0.662085308056872
1.72766570605187
2.49714034315882
1.80263327094258
1.10659923645198
2.47543581616482
2.12508185985593
0.559846547314578
0.671554621848739
2.85337024810989
3.69794963533783
2.30548690064261
4.5282925623919
2.01677362893816
2.12794533459001
4.04142857142857
1.55989583333333
1.87240548554485
2.73351268255188
1.85567539162204
3.39121904429717
3.50072164948454
2.15187747430719
1.02081097345352
0.961078867864525
0.925823970503974
2.36315830175547
2.42206636365672
0.84013526581655
4.28950273571906
6.12952660588266
3.124050841862
4.98315455506874
5.47325353034696
1.44601056562528
4.04593953764078
1.4764801297648
0.717563291139241
1.78272270376575
7.56993353833945
7.33282251323488
1.88365564566438
3.7894495412844
8.12763752128526
4.27791657759726
6.26755227316325
2.57469512195122
3.94563905650027
5.30396657790836
1.199605426111
6.79864675688287
0.9625
4.64479112944817
2.17496801992863
1.03724400234055
3.34087530966144
0.782002834199339
2.23657289002558
0.513710368466152
1.39733903857725
1.15695347673837
3.59109916367981
0.478171641791045
0.723644619508726
3.50326184457311
6.45832634579909
2.20543593363925
0.852685521536066
3.74680874835898
6.88304576144036
2.87670797585002
0.462632209139892
1.6212652311801
3.77011563843313
1.78244442744003
5.98184504960946
0.964970059880239
2.74620370926115
2.67528562614752
3.5854403205801
6.43834008097166
1.89664625462831
3.71839552592499
4.59847811926334
1.07162479061977
5.05922176140522
2.20434353405726
1.20451379214266
0.810130132376038
1.76739130434783
3.99403005097934
1.05159460288255
1.25660160734788
2.54184813021581
2.59493819894055
1.26337770817019
0.651333279626198
3.22197097578796
2.04950515435615
0.837542131872762
3.28371984264532
0.839519586539026
2.46255582458972
0.358585479202348
1.85835066641186
6.53881357324788
4.16456775618709
0.793451356005166
3.35422644542302
1.2353515625
1.23897353648757
1.0149863760218
1.58379179009733
0.455959069020867
0.786746231155779
1.65773939658942
0.651917016806723
1.1539598108747
0.52774130006566
1.38882514915099
0.891659681475272
